"Date","Price","Open","High","Low","Vol.","Change %"
"Apr 23, 2021","2,497.35","2,455.05","2,504.15","2,437.50","3.14M","0.71%"
"Apr 22, 2021","2,479.70","2,400.00","2,485.00","2,373.00","4.51M","2.64%"
"Apr 20, 2021","2,415.90","2,542.15","2,544.00","2,406.20","7.37M","-3.07%"
"Apr 19, 2021","2,492.35","2,474.00","2,510.00","2,452.00","3.55M","-3.17%"
"Apr 16, 2021","2,574.05","2,550.00","2,589.80","2,546.85","3.13M","1.06%"
"Apr 15, 2021","2,547.15","2,540.00","2,555.00","2,493.00","4.20M","1.36%"
"Apr 13, 2021","2,512.95","2,422.40","2,523.10","2,412.25","3.83M","3.85%"
"Apr 12, 2021","2,419.85","2,450.00","2,454.45","2,405.00","3.77M","-3.74%"
"Apr 09, 2021","2,513.90","2,522.00","2,556.00","2,492.30","3.23M","0.45%"
"Apr 08, 2021","2,502.55","2,495.00","2,530.90","2,485.75","2.51M","0.80%"
"Apr 07, 2021","2,482.70","2,489.00","2,507.80","2,457.00","3.51M","0.42%"
"Apr 06, 2021","2,472.30","2,470.30","2,486.85","2,435.35","2.88M","1.08%"
"Apr 05, 2021","2,445.85","2,530.00","2,531.00","2,413.00","3.35M","-3.38%"
"Apr 01, 2021","2,531.45","2,524.00","2,536.95","2,480.00","2.62M","1.34%"
"Mar 31, 2021","2,498.10","2,599.60","2,599.60","2,490.00","5.49M","-4.13%"
"Mar 30, 2021","2,605.65","2,569.30","2,617.00","2,555.25","4.35M","2.88%"
"Mar 26, 2021","2,532.75","2,506.75","2,548.00","2,491.20","3.27M","2.51%"
"Mar 25, 2021","2,470.75","2,488.00","2,491.60","2,431.10","4.76M","0.20%"
"Mar 24, 2021","2,465.75","2,484.85","2,503.50","2,446.70","3.17M","-1.76%"
"Mar 23, 2021","2,509.90","2,531.00","2,541.35","2,492.10","3.98M","-0.87%"
"Mar 22, 2021","2,531.85","2,530.10","2,547.35","2,485.00","3.37M","0.01%"
"Mar 19, 2021","2,531.65","2,486.00","2,567.00","2,481.70","5.28M","0.68%"
"Mar 18, 2021","2,514.60","2,549.00","2,561.45","2,501.00","3.46M","-0.04%"
"Mar 17, 2021","2,515.55","2,509.10","2,542.00","2,502.75","3.36M","0.21%"
"Mar 16, 2021","2,510.40","2,556.50","2,562.65","2,503.00","2.45M","-0.99%"
"Mar 15, 2021","2,535.50","2,565.00","2,568.00","2,496.05","2.91M","-1.27%"
"Mar 12, 2021","2,568.00","2,662.00","2,667.95","2,556.35","3.49M","-1.22%"
"Mar 10, 2021","2,599.80","2,590.40","2,609.40","2,580.60","2.57M","0.87%"
"Mar 09, 2021","2,577.30","2,513.10","2,584.40","2,513.10","2.88M","2.67%"
"Mar 08, 2021","2,510.25","2,555.05","2,560.00","2,505.40","2.18M","-1.32%"
"Mar 05, 2021","2,543.90","2,573.60","2,579.90","2,523.50","4.25M","-1.51%"
"Mar 04, 2021","2,582.95","2,610.00","2,610.00","2,568.00","5.32M","-2.71%"
"Mar 03, 2021","2,654.90","2,608.90","2,664.15","2,592.15","5.64M","3.55%"
"Mar 02, 2021","2,564.00","2,615.00","2,615.00","2,541.40","4.09M","-1.61%"
"Mar 01, 2021","2,606.00","2,556.00","2,614.60","2,548.60","3.60M","2.62%"
"Feb 26, 2021","2,539.40","2,631.05","2,631.05","2,520.00","8.77M","-5.41%"
"Feb 25, 2021","2,684.70","2,718.50","2,739.00","2,677.00","4.76M","-0.85%"
"Feb 24, 2021","2,707.75","2,610.10","2,723.00","2,610.10","2.95M","3.01%"
"Feb 23, 2021","2,628.60","2,670.35","2,677.90","2,621.00","3.02M","-0.88%"
"Feb 22, 2021","2,651.95","2,741.30","2,741.30","2,638.15","4.09M","-3.26%"
"Feb 19, 2021","2,741.30","2,725.00","2,765.00","2,714.15","2.28M","-0.14%"
"Feb 18, 2021","2,745.15","2,800.00","2,806.00","2,730.10","2.94M","-2.15%"
"Feb 17, 2021","2,805.35","2,850.25","2,856.60","2,787.85","2.87M","-1.86%"
"Feb 16, 2021","2,858.65","2,871.00","2,896.00","2,838.00","2.30M","-0.06%"
"Feb 15, 2021","2,860.45","2,819.00","2,868.00","2,805.00","2.85M","2.47%"
"Feb 12, 2021","2,791.50","2,746.00","2,809.00","2,735.60","2.92M","1.12%"
"Feb 11, 2021","2,760.60","2,744.10","2,767.60","2,737.45","1.94M","-0.23%"
"Feb 10, 2021","2,767.10","2,745.95","2,780.00","2,739.20","5.60M","0.73%"
"Feb 09, 2021","2,747.05","2,760.00","2,784.00","2,710.45","5.59M","0.50%"
"Feb 08, 2021","2,733.35","2,765.00","2,765.00","2,711.10","3.81M","0.44%"
"Feb 05, 2021","2,721.50","2,724.50","2,767.80","2,696.20","4.58M","0.51%"
"Feb 04, 2021","2,707.75","2,740.40","2,742.00","2,659.00","4.11M","0.16%"
"Feb 03, 2021","2,703.55","2,695.00","2,734.50","2,618.00","4.78M","1.68%"
"Feb 02, 2021","2,659.00","2,625.00","2,762.95","2,612.00","9.25M","3.09%"
"Feb 01, 2021","2,579.25","2,402.70","2,602.10","2,391.85","7.11M","8.47%"
"Jan 29, 2021","2,377.80","2,450.00","2,460.00","2,364.60","7.35M","-1.98%"
"Jan 28, 2021","2,425.75","2,430.10","2,454.00","2,395.25","5.28M","-1.67%"
"Jan 27, 2021","2,467.00","2,546.30","2,546.30","2,458.25","4.86M","-3.31%"
"Jan 25, 2021","2,551.40","2,630.45","2,670.00","2,543.00","7.76M","-1.47%"
"Jan 22, 2021","2,589.45","2,669.00","2,678.75","2,583.05","5.01M","-2.76%"
"Jan 21, 2021","2,663.00","2,687.95","2,698.00","2,641.25","3.20M","-0.94%"
"Jan 20, 2021","2,688.15","2,666.00","2,711.90","2,622.60","5.77M","1.17%"
"Jan 19, 2021","2,656.95","2,585.00","2,680.80","2,575.00","3.57M","3.52%"
"Jan 18, 2021","2,566.50","2,645.95","2,647.40","2,550.00","5.15M","-2.52%"
"Jan 15, 2021","2,632.75","2,661.00","2,688.45","2,615.60","2.58M","-1.91%"
"Jan 14, 2021","2,684.05","2,670.00","2,699.00","2,647.15","4.25M","0.49%"
"Jan 13, 2021","2,670.90","2,760.45","2,777.15","2,651.10","5.58M","-2.79%"
"Jan 12, 2021","2,747.55","2,738.00","2,760.00","2,719.00","3.41M","-0.13%"
"Jan 11, 2021","2,751.20","2,680.00","2,762.00","2,666.75","5.94M","3.53%"
"Jan 08, 2021","2,657.50","2,668.00","2,674.40","2,631.00","4.50M","-0.14%"
"Jan 07, 2021","2,661.35","2,670.00","2,709.35","2,647.40","4.11M","0.85%"
"Jan 06, 2021","2,638.85","2,664.70","2,665.00","2,619.00","3.40M","-0.49%"
"Jan 05, 2021","2,651.85","2,589.00","2,659.45","2,572.40","5.87M","2.84%"
"Jan 04, 2021","2,578.50","2,576.90","2,592.35","2,533.15","2.80M","0.38%"
"Jan 01, 2021","2,568.75","2,549.00","2,593.30","2,541.15","2.05M","0.39%"
"Dec 31, 2020","2,558.65","2,518.70","2,575.00","2,504.40","4.96M","1.61%"
"Dec 30, 2020","2,518.05","2,518.95","2,525.00","2,483.00","2.90M","-0.04%"
"Dec 29, 2020","2,518.95","2,480.00","2,530.00","2,480.00","4.49M","1.72%"
"Dec 28, 2020","2,476.45","2,467.00","2,485.00","2,436.60","2.09M","0.87%"
"Dec 24, 2020","2,455.15","2,417.00","2,464.65","2,411.05","2.72M","2.17%"
"Dec 23, 2020","2,403.05","2,398.00","2,419.65","2,376.75","2.61M","-0.02%"
"Dec 22, 2020","2,403.65","2,415.00","2,439.90","2,360.50","4.83M","-0.46%"
"Dec 21, 2020","2,414.80","2,468.00","2,478.95","2,370.45","3.57M","-2.61%"
"Dec 18, 2020","2,479.40","2,482.00","2,489.00","2,431.00","4.19M","-0.61%"
"Dec 17, 2020","2,494.60","2,434.90","2,509.00","2,420.15","7.38M","2.88%"
"Dec 16, 2020","2,424.65","2,377.95","2,443.40","2,365.50","6.53M","3.16%"
"Dec 15, 2020","2,350.35","2,290.50","2,357.40","2,282.70","5.06M","2.07%"
"Dec 14, 2020","2,302.65","2,306.70","2,315.65","2,270.55","3.16M","0.29%"
"Dec 11, 2020","2,295.90","2,307.00","2,317.70","2,272.00","4.58M","0.30%"
"Dec 10, 2020","2,289.10","2,300.00","2,303.00","2,267.00","2.55M","-0.76%"
"Dec 09, 2020","2,306.70","2,318.00","2,334.65","2,280.60","3.30M","-0.13%"
"Dec 08, 2020","2,309.75","2,315.00","2,340.00","2,292.05","5.26M","0.26%"
"Dec 07, 2020","2,303.80","2,240.00","2,309.70","2,221.20","4.91M","2.58%"
"Dec 04, 2020","2,245.90","2,253.95","2,284.90","2,231.60","3.25M","-0.36%"
"Dec 03, 2020","2,253.95","2,287.00","2,289.45","2,235.00","4.53M","-0.98%"
"Dec 02, 2020","2,276.35","2,300.00","2,304.00","2,252.50","3.19M","-1.33%"
"Dec 01, 2020","2,306.95","2,237.00","2,324.00","2,217.65","7.03M","2.25%"
"Nov 27, 2020","2,256.25","2,240.00","2,272.45","2,202.20","10.18M","0.80%"
"Nov 26, 2020","2,238.40","2,197.15","2,245.00","2,187.65","5.03M","2.15%"
"Nov 25, 2020","2,191.35","2,228.00","2,252.15","2,179.30","6.15M","-1.19%"
"Nov 24, 2020","2,217.70","2,272.25","2,272.25","2,209.55","4.95M","-1.47%"
"Nov 23, 2020","2,250.80","2,344.20","2,347.85","2,230.10","7.00M","-3.60%"
"Nov 20, 2020","2,334.80","2,330.00","2,386.55","2,326.55","5.32M","0.44%"
"Nov 19, 2020","2,324.60","2,336.00","2,351.90","2,311.00","6.94M","-1.70%"
"Nov 18, 2020","2,364.90","2,336.70","2,369.40","2,320.30","4.34M","0.68%"
"Nov 17, 2020","2,349.00","2,339.90","2,364.75","2,307.40","7.39M","1.83%"
"Nov 13, 2020","2,306.75","2,320.00","2,323.30","2,284.00","4.00M","-1.09%"
"Nov 12, 2020","2,332.10","2,297.25","2,343.80","2,267.45","6.40M","0.34%"
"Nov 11, 2020","2,324.30","2,279.00","2,337.00","2,273.00","7.24M","2.30%"
"Nov 10, 2020","2,272.10","2,185.00","2,288.80","2,175.55","8.51M","5.58%"
"Nov 09, 2020","2,152.10","2,150.00","2,169.95","2,138.20","3.53M","0.64%"
"Nov 06, 2020","2,138.45","2,110.00","2,145.00","2,102.45","4.61M","1.80%"
"Nov 05, 2020","2,100.70","2,106.00","2,120.00","2,084.30","4.12M","0.60%"
"Nov 04, 2020","2,088.20","2,111.10","2,134.95","2,056.40","5.21M","-2.01%"
"Nov 03, 2020","2,130.95","2,030.00","2,139.65","2,030.00","8.91M","4.42%"
"Nov 02, 2020","2,040.80","1,916.00","2,065.00","1,916.00","7.64M","6.10%"
"Oct 30, 2020","1,923.55","1,930.00","1,947.00","1,906.85","4.32M","-0.56%"
"Oct 29, 2020","1,934.30","1,941.25","1,970.00","1,927.30","3.46M","-1.76%"
"Oct 28, 2020","1,968.90","2,045.00","2,045.00","1,965.00","4.64M","-3.55%"
"Oct 27, 2020","2,041.35","2,056.00","2,064.80","2,027.00","4.47M","-1.54%"
"Oct 26, 2020","2,073.35","2,058.00","2,083.95","2,052.75","4.93M","0.66%"
"Oct 23, 2020","2,059.70","2,056.00","2,067.90","2,046.00","3.57M","0.84%"
"Oct 22, 2020","2,042.55","2,038.30","2,063.00","2,023.15","5.03M","-0.30%"
"Oct 21, 2020","2,048.75","2,030.00","2,067.45","2,005.35","8.17M","1.66%"
"Oct 20, 2020","2,015.30","2,025.00","2,041.70","2,004.05","4.73M","-0.80%"
"Oct 19, 2020","2,031.50","1,985.00","2,039.90","1,983.10","6.59M","3.56%"
"Oct 16, 2020","1,961.70","1,948.40","1,983.70","1,939.35","3.24M","0.74%"
"Oct 15, 2020","1,947.20","1,983.00","2,020.00","1,938.25","5.17M","-1.65%"
"Oct 14, 2020","1,979.85","1,935.00","1,989.00","1,919.05","3.11M","1.88%"
"Oct 13, 2020","1,943.40","1,962.00","1,986.65","1,930.55","3.35M","-1.12%"
"Oct 12, 2020","1,965.40","1,965.00","1,998.95","1,942.30","3.65M","0.40%"
"Oct 09, 2020","1,957.65","1,945.00","2,029.85","1,938.00","10.85M","0.43%"
"Oct 08, 2020","1,949.25","1,952.50","1,988.45","1,938.50","4.59M","0.03%"
"Oct 07, 2020","1,948.75","1,945.00","1,964.85","1,908.85","7.04M","0.74%"
"Oct 06, 2020","1,934.40","1,803.15","1,943.70","1,803.15","16.83M","8.36%"
"Oct 05, 2020","1,785.10","1,784.00","1,816.50","1,775.70","4.06M","-0.31%"
"Oct 01, 2020","1,790.65","1,755.00","1,799.85","1,750.00","3.71M","2.91%"
"Sep 30, 2020","1,740.05","1,716.90","1,744.25","1,703.20","3.59M","1.57%"
"Sep 29, 2020","1,713.10","1,692.00","1,720.00","1,682.10","3.70M","1.88%"
"Sep 28, 2020","1,681.45","1,672.90","1,692.60","1,658.00","2.74M","1.78%"
"Sep 25, 2020","1,652.00","1,651.95","1,657.80","1,628.10","4.05M","0.93%"
"Sep 24, 2020","1,636.85","1,646.80","1,654.15","1,623.00","5.67M","-1.81%"
"Sep 23, 2020","1,667.10","1,694.00","1,696.65","1,650.40","4.80M","-0.46%"
"Sep 22, 2020","1,674.85","1,716.25","1,716.25","1,672.00","3.62M","-1.95%"
"Sep 21, 2020","1,708.15","1,722.80","1,738.75","1,701.85","3.17M","-0.92%"
"Sep 18, 2020","1,724.00","1,752.90","1,754.75","1,708.30","5.64M","-1.17%"
"Sep 17, 2020","1,744.35","1,750.00","1,773.20","1,736.50","3.19M","-1.35%"
"Sep 16, 2020","1,768.15","1,766.00","1,774.70","1,743.45","2.59M","0.53%"
"Sep 15, 2020","1,758.75","1,754.90","1,777.00","1,742.80","3.16M","1.19%"
"Sep 14, 2020","1,738.00","1,781.00","1,796.85","1,728.40","4.06M","-1.71%"
"Sep 11, 2020","1,768.15","1,771.00","1,786.00","1,760.00","2.23M","-0.52%"
"Sep 10, 2020","1,777.45","1,781.00","1,792.95","1,760.00","3.25M","0.95%"
"Sep 09, 2020","1,760.75","1,759.55","1,777.90","1,755.00","2.51M","-0.93%"
"Sep 08, 2020","1,777.30","1,785.10","1,793.25","1,770.80","2.46M","-0.77%"
"Sep 07, 2020","1,791.10","1,773.00","1,801.45","1,760.00","4.07M","1.21%"
"Sep 04, 2020","1,769.70","1,783.60","1,789.00","1,761.80","4.21M","-2.16%"
"Sep 03, 2020","1,808.75","1,831.00","1,842.80","1,803.45","3.35M","-1.01%"
"Sep 02, 2020","1,827.20","1,849.85","1,849.95","1,810.00","4.24M","-1.30%"
"Sep 01, 2020","1,851.20","1,858.00","1,884.00","1,831.85","3.79M","1.01%"
"Aug 31, 2020","1,832.60","1,898.50","1,921.90","1,797.55","7.60M","-2.69%"
"Aug 28, 2020","1,883.25","1,871.00","1,889.00","1,862.80","4.90M","1.03%"
"Aug 27, 2020","1,864.10","1,832.00","1,883.00","1,830.00","8.65M","2.65%"
"Aug 26, 2020","1,816.00","1,837.00","1,837.80","1,803.60","3.19M","-0.74%"
"Aug 25, 2020","1,829.60","1,843.75","1,852.40","1,817.05","2.65M","-0.01%"
"Aug 24, 2020","1,829.85","1,814.95","1,849.00","1,811.00","3.82M","1.43%"
"Aug 21, 2020","1,804.05","1,800.00","1,824.70","1,787.15","3.47M","1.06%"
"Aug 20, 2020","1,785.15","1,803.00","1,807.95","1,782.25","2.70M","-2.34%"
"Aug 19, 2020","1,827.95","1,835.00","1,835.90","1,818.05","2.93M","0.40%"
"Aug 18, 2020","1,820.70","1,801.10","1,825.40","1,795.95","3.41M","1.12%"
"Aug 17, 2020","1,800.55","1,805.00","1,807.85","1,783.85","4.08M","0.49%"
"Aug 14, 2020","1,791.70","1,818.60","1,823.75","1,773.25","6.14M","-0.73%"
"Aug 13, 2020","1,804.85","1,818.50","1,823.65","1,799.55","3.77M","-0.52%"
"Aug 12, 2020","1,814.20","1,825.75","1,837.70","1,802.00","3.61M","-0.69%"
"Aug 11, 2020","1,826.75","1,813.00","1,846.75","1,810.50","4.94M","1.55%"
"Aug 10, 2020","1,798.95","1,794.00","1,811.00","1,789.30","3.03M","1.20%"
"Aug 07, 2020","1,777.70","1,774.95","1,781.80","1,763.00","5.13M","-0.34%"
"Aug 06, 2020","1,783.75","1,798.25","1,805.70","1,762.05","6.00M","0.40%"
"Aug 05, 2020","1,776.70","1,784.40","1,811.50","1,766.25","5.58M","-0.25%"
"Aug 04, 2020","1,781.10","1,749.00","1,794.45","1,743.40","4.72M","2.37%"
"Aug 03, 2020","1,739.80","1,781.00","1,781.95","1,730.10","4.65M","-2.37%"
"Jul 31, 2020","1,781.95","1,805.00","1,811.20","1,759.00","7.75M","-1.59%"
"Jul 30, 2020","1,810.65","1,880.00","1,900.70","1,804.00","7.47M","-3.55%"
"Jul 29, 2020","1,877.30","1,885.00","1,918.50","1,867.20","7.41M","-1.06%"
"Jul 28, 2020","1,897.35","1,859.35","1,907.00","1,844.50","4.35M","2.52%"
"Jul 27, 2020","1,850.75","1,841.30","1,861.95","1,824.00","3.72M","0.51%"
"Jul 24, 2020","1,841.30","1,854.00","1,857.80","1,817.00","3.31M","-1.84%"
"Jul 23, 2020","1,875.80","1,881.05","1,910.00","1,871.60","3.65M","-0.28%"
"Jul 22, 2020","1,881.05","1,895.50","1,898.95","1,851.50","5.54M","-0.14%"
"Jul 21, 2020","1,883.65","1,816.50","1,900.95","1,815.00","6.88M","4.30%"
"Jul 20, 2020","1,806.05","1,844.00","1,844.00","1,801.00","3.92M","0.01%"
"Jul 17, 2020","1,805.85","1,800.00","1,821.95","1,784.05","4.24M","1.01%"
"Jul 16, 2020","1,787.80","1,792.00","1,794.70","1,750.00","4.23M","-0.12%"
"Jul 15, 2020","1,789.90","1,809.00","1,821.90","1,782.00","3.99M","-0.09%"
"Jul 14, 2020","1,791.60","1,825.00","1,825.30","1,770.50","5.53M","-2.92%"
"Jul 13, 2020","1,845.55","1,905.00","1,907.20","1,840.00","3.40M","-2.14%"
"Jul 10, 2020","1,886.00","1,915.00","1,931.90","1,876.25","3.85M","-2.88%"
"Jul 09, 2020","1,941.85","1,871.30","1,947.90","1,865.00","6.70M","2.96%"
"Jul 08, 2020","1,886.05","1,895.00","1,907.00","1,871.00","2.89M","-0.04%"
"Jul 07, 2020","1,886.75","1,880.00","1,892.35","1,857.00","4.16M","0.97%"
"Jul 06, 2020","1,868.70","1,903.25","1,909.25","1,864.55","5.07M","-0.88%"
"Jul 03, 2020","1,885.20","1,905.55","1,908.00","1,867.30","4.43M","-0.22%"
"Jul 02, 2020","1,889.45","1,852.95","1,899.00","1,842.60","6.48M","2.96%"
"Jul 01, 2020","1,835.15","1,764.00","1,844.80","1,760.40","6.99M","4.59%"
"Jun 30, 2020","1,754.65","1,751.15","1,792.70","1,747.20","6.33M","0.78%"
"Jun 29, 2020","1,741.15","1,755.00","1,775.00","1,726.25","3.95M","-1.59%"
"Jun 26, 2020","1,769.35","1,793.85","1,799.90","1,752.40","5.73M","-0.48%"
"Jun 25, 2020","1,777.80","1,782.20","1,811.00","1,761.90","5.94M","-1.11%"
"Jun 24, 2020","1,797.75","1,825.00","1,869.00","1,788.60","7.03M","-2.20%"
"Jun 23, 2020","1,838.10","1,820.00","1,845.00","1,803.05","5.04M","1.03%"
"Jun 22, 2020","1,819.40","1,850.80","1,874.20","1,813.10","4.78M","-0.86%"
"Jun 19, 2020","1,835.10","1,854.00","1,867.50","1,814.00","12.20M","-1.12%"
"Jun 18, 2020","1,855.95","1,790.00","1,869.00","1,787.30","5.33M","3.42%"
"Jun 17, 2020","1,794.65","1,819.00","1,847.15","1,786.00","6.82M","-1.50%"
"Jun 16, 2020","1,821.90","1,785.00","1,834.00","1,768.05","7.45M","4.01%"
"Jun 15, 2020","1,751.65","1,786.95","1,805.25","1,726.00","5.08M","-2.26%"
"Jun 12, 2020","1,792.20","1,710.00","1,809.00","1,710.00","5.94M","0.27%"
"Jun 11, 2020","1,787.45","1,805.00","1,826.00","1,781.35","5.38M","-1.21%"
"Jun 10, 2020","1,809.30","1,784.00","1,820.00","1,782.00","4.63M","2.10%"
"Jun 09, 2020","1,772.10","1,763.20","1,826.75","1,746.00","9.07M","0.64%"
"Jun 08, 2020","1,760.80","1,801.00","1,818.90","1,748.35","6.21M","-0.33%"
"Jun 05, 2020","1,766.60","1,775.00","1,788.95","1,740.60","6.69M","0.13%"
"Jun 04, 2020","1,764.30","1,815.00","1,828.40","1,759.00","7.62M","-3.89%"
"Jun 03, 2020","1,835.65","1,835.20","1,859.45","1,823.10","9.49M","1.22%"
"Jun 02, 2020","1,813.55","1,737.70","1,822.35","1,732.15","8.32M","4.36%"
"Jun 01, 2020","1,737.70","1,706.60","1,764.85","1,701.30","8.06M","4.75%"
"May 29, 2020","1,658.90","1,615.90","1,676.35","1,590.90","13.81M","2.17%"
"May 28, 2020","1,623.70","1,580.00","1,643.80","1,577.00","10.26M","3.39%"
"May 27, 2020","1,570.40","1,513.00","1,578.00","1,490.00","12.43M","4.54%"
"May 26, 2020","1,502.15","1,516.00","1,568.15","1,486.00","12.75M","-0.92%"
"May 22, 2020","1,516.15","1,582.00","1,596.70","1,501.50","12.03M","-5.08%"
"May 21, 2020","1,597.30","1,632.90","1,651.80","1,590.00","7.06M","-1.83%"
"May 20, 2020","1,627.00","1,550.00","1,640.00","1,545.00","6.85M","5.66%"
"May 19, 2020","1,539.85","1,570.00","1,591.75","1,512.00","9.26M","1.84%"
"May 18, 2020","1,512.05","1,633.50","1,637.65","1,506.40","8.46M","-7.45%"
"May 15, 2020","1,633.80","1,649.00","1,657.75","1,609.00","5.61M","0.09%"
"May 14, 2020","1,632.40","1,685.00","1,693.00","1,628.10","5.42M","-4.69%"
"May 13, 2020","1,712.75","1,747.00","1,749.50","1,698.00","5.73M","2.31%"
"May 12, 2020","1,674.10","1,630.00","1,682.80","1,587.10","7.02M","0.94%"
"May 11, 2020","1,658.45","1,712.50","1,722.00","1,652.10","4.68M","-1.85%"
"May 08, 2020","1,689.70","1,737.00","1,742.00","1,685.00","4.42M","-0.83%"
"May 07, 2020","1,703.90","1,730.00","1,745.95","1,697.65","3.35M","-1.63%"
"May 06, 2020","1,732.15","1,709.00","1,777.55","1,680.00","8.78M","2.50%"
"May 05, 2020","1,689.90","1,745.00","1,769.50","1,678.00","7.81M","-2.00%"
"May 04, 2020","1,724.35","1,856.00","1,856.00","1,708.30","6.04M","-10.00%"
"Apr 30, 2020","1,916.00","1,857.00","1,927.00","1,855.50","8.24M","4.31%"
"Apr 29, 2020","1,836.75","1,734.00","1,845.00","1,726.00","11.88M","7.05%"
"Apr 28, 2020","1,715.80","1,615.80","1,725.00","1,612.65","7.69M","7.81%"
"Apr 27, 2020","1,591.45","1,618.10","1,652.15","1,585.35","5.72M","0.71%"
"Apr 24, 2020","1,580.30","1,603.00","1,624.95","1,569.10","7.17M","-5.00%"
"Apr 23, 2020","1,663.45","1,674.90","1,687.00","1,651.60","4.42M","-0.04%"
"Apr 22, 2020","1,664.15","1,669.70","1,679.00","1,626.15","5.30M","-0.33%"
"Apr 21, 2020","1,669.70","1,670.00","1,694.80","1,651.10","6.60M","-3.36%"
"Apr 20, 2020","1,727.70","1,709.80","1,738.00","1,673.40","7.37M","2.80%"
"Apr 17, 2020","1,680.60","1,690.00","1,738.00","1,652.40","8.95M","3.37%"
"Apr 16, 2020","1,625.75","1,590.00","1,663.70","1,575.00","7.89M","1.84%"
"Apr 15, 2020","1,596.30","1,708.50","1,710.00","1,584.90","8.51M","-3.56%"
"Apr 13, 2020","1,655.20","1,725.00","1,763.75","1,646.55","7.29M","-2.81%"
"Apr 09, 2020","1,703.10","1,587.70","1,714.65","1,587.50","8.57M","9.26%"
"Apr 08, 2020","1,558.80","1,543.40","1,692.00","1,535.00","8.97M","0.23%"
"Apr 07, 2020","1,555.15","1,574.70","1,577.50","1,517.60","12.31M","3.71%"
"Apr 03, 2020","1,499.55","1,575.50","1,578.80","1,482.25","10.15M","-5.30%"
"Apr 01, 2020","1,583.50","1,645.50","1,693.60","1,575.90","6.75M","-3.04%"
"Mar 31, 2020","1,633.10","1,625.00","1,666.55","1,582.00","10.44M","4.77%"
"Mar 30, 2020","1,558.75","1,667.30","1,699.00","1,548.00","8.67M","-11.13%"
"Mar 27, 2020","1,754.00","1,785.20","1,849.65","1,710.05","9.05M","1.20%"
"Mar 26, 2020","1,733.25","1,689.50","1,843.45","1,671.20","12.10M","5.30%"
"Mar 25, 2020","1,646.05","1,476.00","1,655.60","1,476.00","10.42M","9.36%"
"Mar 24, 2020","1,505.10","1,554.00","1,649.70","1,473.45","8.90M","-1.03%"
"Mar 23, 2020","1,520.70","1,578.60","1,673.25","1,500.00","9.47M","-13.30%"
"Mar 20, 2020","1,753.95","1,624.00","1,776.90","1,535.20","11.38M","8.43%"
"Mar 19, 2020","1,617.60","1,502.10","1,703.95","1,490.10","11.25M","-0.31%"
"Mar 18, 2020","1,622.55","1,771.00","1,784.70","1,602.40","9.07M","-7.59%"
"Mar 17, 2020","1,755.80","1,858.05","1,869.90","1,740.00","6.68M","-4.67%"
"Mar 16, 2020","1,841.75","1,964.00","1,979.50","1,825.00","10.67M","-10.89%"
"Mar 13, 2020","2,066.80","1,780.05","2,123.70","1,688.15","14.17M","10.19%"
"Mar 12, 2020","1,875.70","1,990.00","1,990.00","1,861.10","8.84M","-7.88%"
"Mar 11, 2020","2,036.25","1,970.00","2,073.85","1,970.00","7.00M","0.41%"
"Mar 09, 2020","2,027.90","2,067.30","2,067.30","1,981.20","5.05M","-3.87%"
"Mar 06, 2020","2,109.45","2,145.00","2,145.00","2,092.80","5.41M","-3.90%"
"Mar 05, 2020","2,195.05","2,206.00","2,232.20","2,183.00","3.92M","-0.50%"
"Mar 04, 2020","2,206.05","2,207.00","2,216.60","2,180.20","4.46M","0.67%"
"Mar 03, 2020","2,191.40","2,201.70","2,226.90","2,173.30","4.23M","0.54%"
"Mar 02, 2020","2,179.65","2,215.00","2,248.35","2,153.80","3.96M","0.18%"
"Feb 28, 2020","2,175.75","2,228.55","2,228.55","2,162.30","7.72M","-4.24%"
"Feb 27, 2020","2,272.20","2,279.80","2,289.60","2,244.55","3.26M","-0.41%"
"Feb 26, 2020","2,281.45","2,278.00","2,309.50","2,253.55","6.16M","-0.92%"
"Feb 25, 2020","2,302.60","2,309.00","2,320.75","2,285.00","3.29M","0.45%"
"Feb 24, 2020","2,292.30","2,355.00","2,365.20","2,280.10","4.24M","-3.26%"
"Feb 20, 2020","2,369.50","2,364.00","2,377.50","2,349.05","3.35M","-0.33%"
"Feb 19, 2020","2,377.25","2,343.00","2,385.00","2,330.05","2.09M","2.52%"
"Feb 18, 2020","2,318.80","2,349.00","2,349.00","2,304.00","2.35M","-1.34%"
"Feb 17, 2020","2,350.25","2,401.75","2,406.65","2,345.15","2.40M","-2.14%"
"Feb 14, 2020","2,401.75","2,402.00","2,425.85","2,389.40","2.61M","-0.08%"
"Feb 13, 2020","2,403.65","2,426.00","2,444.15","2,399.00","2.28M","-1.39%"
"Feb 12, 2020","2,437.60","2,449.50","2,487.00","2,427.90","4.17M","0.10%"
"Feb 11, 2020","2,435.15","2,424.45","2,441.75","2,420.20","1.73M","0.86%"
"Feb 10, 2020","2,414.30","2,405.00","2,425.30","2,391.05","2.06M","0.36%"
"Feb 07, 2020","2,405.65","2,428.10","2,452.30","2,398.35","2.19M","-1.26%"
"Feb 06, 2020","2,436.45","2,390.00","2,447.80","2,369.65","3.54M","1.87%"
"Feb 05, 2020","2,391.65","2,345.55","2,395.50","2,326.20","3.24M","1.95%"
"Feb 04, 2020","2,345.95","2,265.60","2,351.00","2,265.60","3.29M","3.81%"
"Feb 03, 2020","2,259.75","2,250.00","2,298.05","2,228.20","5.22M","-0.37%"
"Feb 01, 2020","2,268.25","2,405.75","2,422.70","2,254.90","3.91M","-6.04%"
"Jan 31, 2020","2,414.00","2,417.00","2,434.75","2,404.50","2.83M","-0.04%"
"Jan 30, 2020","2,415.00","2,413.00","2,428.70","2,386.90","2.81M","0.45%"
"Jan 29, 2020","2,404.25","2,446.00","2,447.50","2,400.00","2.69M","-1.12%"
"Jan 28, 2020","2,431.60","2,413.00","2,471.70","2,410.00","6.70M","1.49%"
"Jan 27, 2020","2,395.80","2,433.00","2,445.00","2,388.50","2.54M","-2.24%"
"Jan 24, 2020","2,450.75","2,423.00","2,458.60","2,411.40","2.18M","0.92%"
"Jan 23, 2020","2,428.40","2,422.00","2,436.40","2,404.35","1.81M","0.49%"
"Jan 22, 2020","2,416.60","2,474.00","2,483.35","2,412.20","3.36M","-1.98%"
"Jan 21, 2020","2,465.45","2,443.00","2,485.90","2,432.00","2.40M","0.45%"
"Jan 20, 2020","2,454.35","2,474.00","2,486.55","2,440.40","2.27M","0.02%"
"Jan 17, 2020","2,453.95","2,467.75","2,479.00","2,448.25","2.25M","-1.13%"
"Jan 16, 2020","2,482.10","2,486.00","2,495.75","2,471.80","1.79M","-0.26%"
"Jan 15, 2020","2,488.60","2,483.95","2,495.00","2,453.55","2.28M","-0.15%"
"Jan 14, 2020","2,492.30","2,463.65","2,499.90","2,446.60","2.55M","1.21%"
"Jan 13, 2020","2,462.55","2,461.10","2,471.05","2,441.00","3.40M","0.20%"
"Jan 10, 2020","2,457.55","2,465.00","2,477.65","2,440.30","2.08M","0.01%"
"Jan 09, 2020","2,457.40","2,430.00","2,462.70","2,421.15","3.25M","2.13%"
"Jan 08, 2020","2,406.15","2,387.00","2,413.00","2,385.50","2.15M","-0.37%"
"Jan 07, 2020","2,415.05","2,401.25","2,428.80","2,380.20","3.77M","1.30%"
"Jan 06, 2020","2,384.10","2,428.00","2,445.00","2,371.40","2.66M","-2.87%"
"Jan 03, 2020","2,454.45","2,455.00","2,466.40","2,441.80","1.96M","-0.48%"
"Jan 02, 2020","2,466.40","2,430.00","2,472.75","2,422.00","1.70M","1.33%"
"Jan 01, 2020","2,433.95","2,418.00","2,438.50","2,409.00","945.87K","0.89%"
"Dec 31, 2019","2,412.55","2,433.00","2,435.00","2,406.55","2.26M","-1.05%"
"Dec 30, 2019","2,438.25","2,449.00","2,450.00","2,421.50","1.92M","-0.24%"
"Dec 27, 2019","2,444.15","2,427.00","2,449.55","2,418.55","2.08M","1.24%"
"Dec 26, 2019","2,414.10","2,412.75","2,433.35","2,404.30","1.48M","0.06%"
"Dec 24, 2019","2,412.75","2,420.60","2,444.95","2,402.95","2.81M","-0.41%"
"Dec 23, 2019","2,422.65","2,404.00","2,433.80","2,390.00","1.98M","0.77%"
"Dec 20, 2019","2,404.10","2,415.00","2,425.00","2,378.15","5.05M","-0.32%"
"Dec 19, 2019","2,411.90","2,432.10","2,438.50","2,405.65","4.12M","-1.36%"
"Dec 18, 2019","2,445.15","2,427.00","2,459.30","2,415.80","5.10M","0.62%"
"Dec 17, 2019","2,430.10","2,365.00","2,436.55","2,359.40","7.28M","2.31%"
"Dec 16, 2019","2,375.25","2,356.00","2,384.00","2,343.00","3.51M","0.88%"
"Dec 13, 2019","2,354.50","2,330.70","2,365.95","2,318.10","2.56M","1.55%"
"Dec 12, 2019","2,318.45","2,320.80","2,327.00","2,303.00","2.50M","-0.14%"
"Dec 11, 2019","2,321.65","2,302.00","2,328.25","2,292.70","2.58M","1.15%"
"Dec 10, 2019","2,295.15","2,318.50","2,332.90","2,288.15","2.69M","-0.70%"
"Dec 09, 2019","2,311.40","2,263.10","2,315.45","2,260.05","3.36M","2.06%"
"Dec 06, 2019","2,264.65","2,326.50","2,335.00","2,246.45","3.44M","-2.70%"
"Dec 05, 2019","2,327.55","2,309.20","2,333.55","2,300.00","2.62M","0.22%"
"Dec 04, 2019","2,322.40","2,311.20","2,328.70","2,286.40","3.21M","0.12%"
"Dec 03, 2019","2,319.70","2,310.95","2,325.00","2,287.05","2.40M","0.57%"
"Dec 02, 2019","2,306.60","2,316.00","2,316.00","2,263.90","4.04M","0.41%"
"Nov 29, 2019","2,297.25","2,309.75","2,316.35","2,280.10","3.03M","-0.54%"
"Nov 28, 2019","2,309.75","2,339.00","2,346.00","2,295.00","3.67M","-1.14%"
"Nov 27, 2019","2,336.30","2,316.00","2,352.00","2,308.40","5.75M","1.37%"
"Nov 26, 2019","2,304.65","2,300.00","2,320.00","2,280.95","8.81M","0.44%"
"Nov 25, 2019","2,294.55","2,244.75","2,297.00","2,227.40","4.54M","2.56%"
"Nov 22, 2019","2,237.30","2,203.00","2,240.00","2,199.30","2.19M","1.22%"
"Nov 21, 2019","2,210.35","2,202.00","2,216.00","2,186.20","2.68M","0.43%"
"Nov 20, 2019","2,200.95","2,215.00","2,221.00","2,193.75","1.77M","-0.50%"
"Nov 19, 2019","2,212.10","2,235.60","2,238.75","2,202.20","2.92M","-1.08%"
"Nov 18, 2019","2,236.30","2,222.50","2,240.85","2,210.00","2.25M","0.55%"
"Nov 15, 2019","2,224.05","2,220.10","2,238.75","2,208.00","3.35M","-0.12%"
"Nov 14, 2019","2,226.80","2,207.90","2,232.85","2,190.20","1.95M","0.88%"
"Nov 13, 2019","2,207.45","2,227.95","2,231.95","2,195.45","2.79M","-1.21%"
"Nov 11, 2019","2,234.55","2,228.00","2,239.80","2,216.00","1.83M","0.06%"
"Nov 08, 2019","2,233.20","2,242.95","2,252.50","2,211.00","3.32M","-0.79%"
"Nov 07, 2019","2,251.00","2,247.40","2,264.80","2,236.20","5.58M","1.37%"
"Nov 06, 2019","2,220.60","2,188.00","2,228.00","2,162.00","4.23M","1.80%"
"Nov 05, 2019","2,181.30","2,207.10","2,209.80","2,164.70","5.53M","0.00%"
"Nov 04, 2019","2,181.30","2,140.90","2,195.00","2,121.10","6.58M","2.48%"
"Nov 01, 2019","2,128.60","2,135.90","2,167.25","2,120.10","3.43M","-0.15%"
"Oct 31, 2019","2,131.90","2,115.00","2,146.80","2,103.65","3.27M","1.16%"
"Oct 30, 2019","2,107.45","2,134.95","2,134.95","2,102.60","2.35M","-0.27%"
"Oct 29, 2019","2,113.05","2,095.00","2,123.55","2,079.05","2.73M","0.37%"
"Oct 27, 2019","2,105.35","2,105.35","2,105.35","2,105.35","-","0.18%"
"Oct 25, 2019","2,101.55","2,149.00","2,153.45","2,085.25","3.10M","-2.02%"
"Oct 24, 2019","2,144.95","2,150.00","2,174.20","2,141.35","4.06M","0.09%"
"Oct 23, 2019","2,142.95","2,116.00","2,148.00","2,104.70","2.49M","1.33%"
"Oct 22, 2019","2,114.90","2,115.00","2,140.50","2,096.00","3.46M","0.98%"
"Oct 18, 2019","2,094.45","2,089.00","2,102.00","2,065.10","2.76M","0.22%"
"Oct 17, 2019","2,089.75","2,056.95","2,095.00","2,050.10","4.56M","2.00%"
"Oct 16, 2019","2,048.70","2,020.00","2,056.00","2,015.00","3.77M","1.76%"
"Oct 15, 2019","2,013.30","2,019.00","2,030.40","2,009.20","2.11M","-0.07%"
"Oct 14, 2019","2,014.75","2,017.00","2,031.85","2,000.00","2.90M","0.23%"
"Oct 11, 2019","2,010.15","1,997.95","2,025.50","1,980.25","2.88M","1.12%"
"Oct 10, 2019","1,987.95","2,000.00","2,000.00","1,971.00","2.63M","-0.70%"
"Oct 09, 2019","2,002.00","1,974.85","2,005.00","1,964.35","5.12M","1.66%"
"Oct 07, 2019","1,969.30","1,988.50","1,996.80","1,963.05","2.73M","-0.45%"
"Oct 04, 2019","1,978.30","1,992.00","2,016.90","1,972.60","7.41M","0.19%"
"Oct 03, 2019","1,974.55","1,990.00","1,999.00","1,951.25","4.88M","-1.06%"
"Oct 01, 2019","1,995.65","1,988.00","2,028.95","1,962.95","9.47M","0.94%"
"Sep 30, 2019","1,977.05","2,035.90","2,038.50","1,970.05","7.12M","-2.89%"
"Sep 27, 2019","2,035.90","2,061.25","2,096.70","2,025.60","4.90M","-1.32%"
"Sep 26, 2019","2,063.20","2,070.10","2,088.00","2,053.80","7.67M","-0.33%"
"Sep 25, 2019","2,069.95","2,127.05","2,127.05","2,050.25","6.97M","-2.82%"
"Sep 24, 2019","2,130.00","2,159.90","2,185.00","2,114.25","4.76M","-1.48%"
"Sep 23, 2019","2,162.00","2,085.00","2,194.80","2,080.00","9.65M","5.50%"
"Sep 20, 2019","2,049.30","1,983.90","2,065.00","1,960.00","18.20M","3.78%"
"Sep 19, 2019","1,974.60","1,988.30","2,002.30","1,964.10","4.14M","-0.69%"
"Sep 18, 2019","1,988.30","2,010.00","2,012.40","1,982.40","4.25M","-0.40%"
"Sep 17, 2019","1,996.25","2,041.90","2,045.50","1,976.20","5.90M","-2.47%"
"Sep 16, 2019","2,046.75","2,080.00","2,083.00","2,038.00","3.75M","-1.78%"
"Sep 13, 2019","2,083.85","2,079.00","2,092.05","2,063.70","3.13M","0.05%"
"Sep 12, 2019","2,082.75","2,085.45","2,113.85","2,076.85","3.30M","0.53%"
"Sep 11, 2019","2,071.85","2,072.00","2,086.55","2,053.10","4.00M","0.37%"
"Sep 09, 2019","2,064.25","2,044.45","2,069.95","2,029.00","2.74M","1.12%"
"Sep 06, 2019","2,041.45","2,056.45","2,056.45","2,023.00","4.23M","-0.13%"
"Sep 05, 2019","2,044.15","2,100.00","2,100.00","2,040.00","3.85M","-2.66%"
"Sep 04, 2019","2,100.10","2,091.65","2,113.10","2,072.70","3.62M","0.49%"
"Sep 03, 2019","2,089.90","2,141.00","2,144.70","2,083.00","4.01M","-3.53%"
"Aug 30, 2019","2,166.45","2,137.70","2,171.25","2,118.00","5.19M","1.79%"
"Aug 29, 2019","2,128.45","2,176.00","2,179.00","2,120.40","5.16M","-2.68%"
"Aug 28, 2019","2,187.15","2,174.00","2,193.60","2,155.75","3.29M","0.59%"
"Aug 27, 2019","2,174.30","2,158.00","2,186.75","2,144.70","7.69M","1.21%"
"Aug 26, 2019","2,148.35","2,088.00","2,152.95","2,060.00","5.27M","5.12%"
"Aug 23, 2019","2,043.75","1,999.00","2,058.05","1,973.00","3.42M","1.47%"
"Aug 22, 2019","2,014.10","2,066.00","2,073.50","2,007.95","2.42M","-2.55%"
"Aug 21, 2019","2,066.90","2,096.00","2,099.95","2,062.95","2.10M","-1.11%"
"Aug 20, 2019","2,090.10","2,112.35","2,114.90","2,075.00","2.97M","-1.13%"
"Aug 19, 2019","2,114.05","2,114.45","2,135.00","2,098.10","2.23M","0.67%"
"Aug 16, 2019","2,100.00","2,160.00","2,162.00","2,092.50","7.23M","-0.84%"
"Aug 14, 2019","2,117.70","2,129.00","2,146.00","2,105.25","2.68M","0.84%"
"Aug 13, 2019","2,100.10","2,196.10","2,209.65","2,092.45","3.36M","-5.04%"
"Aug 09, 2019","2,211.65","2,192.70","2,240.00","2,178.75","4.24M","1.34%"
"Aug 08, 2019","2,182.30","2,183.90","2,187.70","2,152.00","3.53M","0.33%"
"Aug 07, 2019","2,175.20","2,189.80","2,198.95","2,161.70","3.21M","-0.67%"
"Aug 06, 2019","2,189.90","2,146.05","2,217.65","2,136.55","5.04M","1.74%"
"Aug 05, 2019","2,152.35","2,115.00","2,159.45","2,107.75","6.29M","1.30%"
"Aug 02, 2019","2,124.80","2,075.25","2,148.65","2,039.35","5.91M","1.82%"
"Aug 01, 2019","2,086.80","2,115.20","2,115.90","2,063.80","3.63M","-1.65%"
"Jul 31, 2019","2,121.80","2,110.25","2,131.95","2,107.70","3.56M","-0.26%"
"Jul 30, 2019","2,127.25","2,150.00","2,158.30","2,113.35","3.09M","-1.01%"
"Jul 29, 2019","2,149.00","2,162.80","2,174.95","2,110.00","1.90M","-0.77%"
"Jul 26, 2019","2,165.75","2,193.75","2,197.80","2,159.40","1.92M","-1.35%"
"Jul 25, 2019","2,195.35","2,184.10","2,215.20","2,161.30","3.19M","0.51%"
"Jul 24, 2019","2,184.25","2,140.00","2,188.85","2,140.00","3.13M","2.14%"
"Jul 23, 2019","2,138.50","2,181.40","2,189.75","2,126.05","4.66M","-2.21%"
"Jul 22, 2019","2,186.90","2,287.00","2,298.00","2,180.20","3.01M","-5.06%"
"Jul 19, 2019","2,303.55","2,332.00","2,339.00","2,292.80","3.58M","-1.77%"
"Jul 18, 2019","2,345.15","2,287.95","2,357.85","2,285.55","4.05M","2.56%"
"Jul 17, 2019","2,286.70","2,277.00","2,289.45","2,277.00","1.69M","0.40%"
"Jul 16, 2019","2,277.55","2,270.00","2,284.80","2,256.95","2.00M","0.54%"
"Jul 15, 2019","2,265.35","2,255.90","2,271.00","2,236.40","1.57M","0.33%"
"Jul 12, 2019","2,257.80","2,270.00","2,282.00","2,250.75","2.65M","-0.18%"
"Jul 11, 2019","2,261.90","2,240.00","2,269.30","2,231.10","1.40M","1.53%"
"Jul 10, 2019","2,227.75","2,232.00","2,253.40","2,220.00","1.54M","-0.23%"
"Jul 09, 2019","2,232.80","2,248.85","2,248.85","2,197.25","2.90M","-1.20%"
"Jul 08, 2019","2,259.95","2,269.90","2,275.55","2,243.30","2.64M","-0.83%"
"Jul 05, 2019","2,278.90","2,281.25","2,300.70","2,266.60","1.90M","-0.06%"
"Jul 04, 2019","2,280.25","2,277.00","2,286.30","2,265.10","1.60M","0.13%"
"Jul 03, 2019","2,277.20","2,280.00","2,287.00","2,257.20","2.15M","-0.18%"
"Jul 02, 2019","2,281.25","2,256.80","2,285.00","2,240.00","2.73M","1.57%"
"Jul 01, 2019","2,245.90","2,197.00","2,252.95","2,192.30","2.09M","2.45%"
"Jun 28, 2019","2,192.10","2,196.00","2,205.00","2,177.65","2.86M","-0.15%"
"Jun 27, 2019","2,195.45","2,166.50","2,202.55","2,166.05","3.97M","1.26%"
"Jun 26, 2019","2,168.10","2,165.00","2,180.60","2,153.70","2.13M","-0.22%"
"Jun 25, 2019","2,172.80","2,147.90","2,176.80","2,138.10","1.89M","1.11%"
"Jun 24, 2019","2,148.90","2,136.10","2,159.00","2,133.50","2.04M","0.38%"
"Jun 21, 2019","2,140.80","2,200.80","2,201.20","2,135.90","7.76M","-2.66%"
"Jun 20, 2019","2,199.25","2,174.10","2,207.70","2,165.65","2.93M","1.10%"
"Jun 19, 2019","2,175.40","2,160.05","2,186.40","2,158.55","2.15M","1.04%"
"Jun 18, 2019","2,153.00","2,178.90","2,194.60","2,134.65","3.41M","-0.92%"
"Jun 17, 2019","2,173.00","2,193.00","2,193.00","2,164.00","2.06M","-0.59%"
"Jun 14, 2019","2,185.85","2,204.50","2,207.55","2,177.15","2.16M","-0.53%"
"Jun 13, 2019","2,197.50","2,180.00","2,200.80","2,161.35","2.69M","0.71%"
"Jun 12, 2019","2,181.95","2,187.50","2,188.10","2,162.00","2.22M","-0.36%"
"Jun 11, 2019","2,189.85","2,202.25","2,204.00","2,181.00","2.39M","-0.19%"
"Jun 10, 2019","2,194.05","2,215.25","2,224.80","2,175.45","2.48M","-0.76%"
"Jun 07, 2019","2,210.85","2,190.00","2,217.75","2,168.40","1.95M","1.25%"
"Jun 06, 2019","2,183.45","2,230.00","2,231.00","2,171.65","3.89M","-1.82%"
"Jun 04, 2019","2,223.95","2,220.00","2,233.90","2,209.00","2.43M","-0.29%"
"Jun 03, 2019","2,230.45","2,200.00","2,235.00","2,192.70","3.67M","2.19%"
"May 31, 2019","2,182.65","2,190.00","2,197.00","2,140.05","5.77M","-0.08%"
"May 30, 2019","2,184.40","2,141.40","2,189.45","2,130.00","3.77M","1.72%"
"May 29, 2019","2,147.45","2,150.10","2,170.00","2,135.00","3.09M","-0.02%"
"May 28, 2019","2,147.85","2,167.00","2,169.75","2,114.00","7.18M","-0.81%"
"May 27, 2019","2,165.30","2,129.95","2,187.50","2,116.20","3.89M","1.97%"
"May 24, 2019","2,123.40","2,125.00","2,151.90","2,095.00","3.31M","0.43%"
"May 23, 2019","2,114.40","2,174.00","2,210.00","2,103.30","7.62M","-1.14%"
"May 22, 2019","2,138.80","2,124.00","2,155.20","2,119.00","3.08M","1.15%"
"May 21, 2019","2,114.50","2,141.20","2,178.90","2,104.10","5.58M","-0.38%"
"May 20, 2019","2,122.50","2,030.50","2,135.50","2,030.00","6.21M","6.46%"
"May 17, 2019","1,993.65","1,941.00","1,997.95","1,938.55","2.33M","2.65%"
"May 16, 2019","1,942.10","1,954.00","1,954.00","1,923.30","2.53M","-0.15%"
"May 15, 2019","1,944.95","1,975.00","1,979.95","1,937.50","2.37M","-1.03%"
"May 14, 2019","1,965.20","1,961.00","1,989.80","1,924.25","4.30M","0.63%"
"May 13, 2019","1,952.90","1,926.10","1,984.40","1,917.85","4.51M","1.10%"
"May 10, 2019","1,931.70","1,915.25","1,956.00","1,910.75","1.63M","0.89%"
"May 09, 2019","1,914.60","1,926.00","1,931.60","1,901.30","1.93M","-0.84%"
"May 08, 2019","1,930.75","1,964.50","1,964.50","1,925.05","3.63M","-1.81%"
"May 07, 2019","1,966.30","1,974.80","2,009.15","1,959.20","2.68M","0.04%"
"May 06, 2019","1,965.45","1,987.25","1,993.95","1,957.00","2.22M","-2.04%"
"May 03, 2019","2,006.40","2,017.50","2,037.60","2,000.00","1.45M","-0.55%"
"May 02, 2019","2,017.40","1,995.00","2,027.90","1,989.25","2.38M","1.12%"
"Apr 30, 2019","1,995.05","1,977.40","1,999.85","1,954.20","3.68M","0.89%"
"Apr 26, 2019","1,977.40","1,959.30","1,982.15","1,941.60","2.09M","1.14%"
"Apr 25, 2019","1,955.15","1,987.55","1,998.80","1,946.55","4.16M","-1.27%"
"Apr 24, 2019","1,980.40","1,943.90","1,985.00","1,933.25","2.76M","2.36%"
"Apr 23, 2019","1,934.70","1,958.00","1,966.25","1,929.60","2.85M","-0.98%"
"Apr 22, 2019","1,953.90","2,005.00","2,010.00","1,948.00","2.00M","-2.49%"
"Apr 18, 2019","2,003.75","2,040.00","2,047.90","1,998.15","3.89M","-1.13%"
"Apr 16, 2019","2,026.70","2,019.70","2,034.30","2,016.10","2.00M","0.62%"
"Apr 15, 2019","2,014.25","2,034.90","2,034.90","2,010.00","1.33M","-0.53%"
"Apr 12, 2019","2,024.95","2,024.00","2,029.90","2,008.10","2.12M","0.11%"
"Apr 11, 2019","2,022.80","2,028.00","2,048.00","2,017.50","2.52M","-0.32%"
"Apr 10, 2019","2,029.25","2,067.50","2,068.00","2,025.10","3.04M","-1.93%"
"Apr 09, 2019","2,069.15","2,062.50","2,073.00","2,039.15","2.38M","0.69%"
"Apr 08, 2019","2,054.90","2,068.00","2,072.50","2,029.25","2.06M","-0.21%"
"Apr 05, 2019","2,059.20","2,045.00","2,065.00","2,035.00","2.58M","0.84%"
"Apr 04, 2019","2,042.05","2,008.00","2,058.80","2,006.30","4.46M","1.44%"
"Apr 03, 2019","2,013.10","2,004.00","2,032.45","1,997.15","4.35M","0.86%"
"Apr 02, 2019","1,995.95","1,966.10","2,001.00","1,955.00","3.66M","1.85%"
"Apr 01, 2019","1,959.65","1,968.10","1,975.00","1,945.05","3.33M","-0.44%"
"Mar 29, 2019","1,968.25","1,950.05","1,972.25","1,936.05","4.32M","1.22%"
"Mar 28, 2019","1,944.45","1,917.00","1,950.00","1,912.05","6.37M","1.28%"
"Mar 27, 2019","1,919.90","1,955.55","1,959.00","1,906.00","3.08M","-1.36%"
"Mar 26, 2019","1,946.30","1,950.40","1,953.35","1,930.85","2.62M","0.03%"
"Mar 25, 2019","1,945.65","1,976.90","1,976.90","1,938.20","3.27M","-1.81%"
"Mar 22, 2019","1,981.55","1,998.00","2,010.00","1,970.60","3.56M","-0.30%"
"Mar 20, 2019","1,987.55","1,975.00","1,998.00","1,968.10","3.65M","1.00%"
"Mar 19, 2019","1,967.85","1,972.90","1,978.55","1,962.10","2.83M","0.28%"
"Mar 18, 2019","1,962.40","1,982.00","1,994.95","1,953.10","2.56M","-0.62%"
"Mar 15, 2019","1,974.65","1,960.00","1,991.70","1,955.90","5.98M","0.90%"
"Mar 14, 2019","1,956.95","1,971.80","1,975.10","1,949.30","3.99M","0.32%"
"Mar 13, 2019","1,950.65","1,939.00","1,964.40","1,923.40","3.57M","1.07%"
"Mar 12, 2019","1,930.00","1,914.90","1,936.65","1,900.10","3.69M","1.71%"
"Mar 11, 2019","1,897.55","1,886.35","1,903.80","1,884.00","3.17M","0.72%"
"Mar 08, 2019","1,884.05","1,879.00","1,888.00","1,871.10","1.85M","0.20%"
"Mar 07, 2019","1,880.20","1,892.00","1,892.00","1,865.20","2.17M","-0.27%"
"Mar 06, 2019","1,885.20","1,864.70","1,889.50","1,858.80","1.83M","1.35%"
"Mar 05, 2019","1,860.00","1,856.80","1,868.40","1,838.55","2.26M","0.03%"
"Mar 01, 2019","1,859.45","1,850.40","1,863.40","1,838.30","2.68M","0.99%"
"Feb 28, 2019","1,841.20","1,849.00","1,853.65","1,834.60","5.69M","0.01%"
"Feb 27, 2019","1,841.00","1,868.00","1,870.00","1,820.00","3.41M","-0.68%"
"Feb 26, 2019","1,853.65","1,874.00","1,894.65","1,850.00","3.76M","-2.16%"
"Feb 25, 2019","1,894.50","1,897.90","1,897.90","1,871.50","2.05M","0.38%"
"Feb 22, 2019","1,887.40","1,893.95","1,899.00","1,877.50","2.46M","-0.21%"
"Feb 21, 2019","1,891.45","1,871.00","1,894.70","1,865.10","1.58M","1.12%"
"Feb 20, 2019","1,870.50","1,865.00","1,874.95","1,858.00","2.65M","0.92%"
"Feb 19, 2019","1,853.45","1,870.00","1,888.50","1,844.25","2.99M","-1.14%"
"Feb 18, 2019","1,874.85","1,877.30","1,893.00","1,864.05","2.77M","-0.00%"
"Feb 15, 2019","1,874.90","1,900.60","1,900.60","1,856.50","2.65M","-1.36%"
"Feb 14, 2019","1,900.70","1,921.00","1,929.25","1,893.85","2.51M","-1.54%"
"Feb 13, 2019","1,930.50","1,907.10","1,943.00","1,907.10","3.71M","1.34%"
"Feb 12, 2019","1,905.05","1,950.00","1,956.40","1,901.15","2.64M","-2.21%"
"Feb 11, 2019","1,948.20","1,943.90","1,959.00","1,935.60","2.21M","0.18%"
"Feb 08, 2019","1,944.65","1,963.10","1,968.60","1,936.85","2.19M","-1.27%"
"Feb 07, 2019","1,969.65","1,990.05","1,991.95","1,962.55","2.72M","-0.92%"
"Feb 06, 2019","1,987.95","1,983.60","1,994.90","1,975.50","2.04M","0.33%"
"Feb 05, 2019","1,981.40","1,979.80","1,985.00","1,962.25","1.45M","0.15%"
"Feb 04, 2019","1,978.50","1,959.90","1,981.95","1,942.00","1.42M","0.88%"
"Feb 01, 2019","1,961.25","1,929.00","1,974.45","1,925.10","4.87M","2.02%"
"Jan 31, 2019","1,922.35","1,883.00","1,941.20","1,877.30","5.30M","1.94%"
"Jan 30, 2019","1,885.80","1,924.60","1,929.30","1,869.50","4.13M","-1.90%"
"Jan 29, 2019","1,922.30","1,943.70","1,949.90","1,893.30","4.04M","-1.26%"
"Jan 28, 2019","1,946.90","1,978.70","1,982.20","1,938.10","2.70M","-1.56%"
"Jan 25, 2019","1,977.80","1,964.40","1,993.00","1,963.95","2.24M","0.34%"
"Jan 24, 2019","1,971.10","1,960.00","1,976.00","1,942.15","2.19M","0.66%"
"Jan 23, 2019","1,958.25","1,981.80","1,984.95","1,951.30","2.20M","-1.07%"
"Jan 22, 2019","1,979.40","1,999.00","2,002.15","1,968.50","3.50M","-1.25%"
"Jan 21, 2019","2,004.45","1,998.00","2,016.00","1,983.20","2.15M","-0.12%"
"Jan 18, 2019","2,006.85","2,004.00","2,012.60","1,989.25","1.94M","0.11%"
"Jan 17, 2019","2,004.55","1,982.75","2,007.00","1,979.05","2.77M","1.50%"
"Jan 16, 2019","1,975.00","1,989.00","1,994.75","1,965.50","1.88M","-0.86%"
"Jan 15, 2019","1,992.15","1,975.20","1,996.00","1,964.00","2.11M","1.17%"
"Jan 14, 2019","1,969.20","1,983.00","1,983.15","1,949.60","2.17M","-1.11%"
"Jan 11, 2019","1,991.40","1,978.00","2,007.70","1,972.40","1.81M","0.57%"
"Jan 10, 2019","1,980.10","1,993.00","1,993.00","1,971.30","2.14M","-0.74%"
"Jan 09, 2019","1,994.95","1,962.00","1,998.00","1,962.00","2.91M","1.84%"
"Jan 08, 2019","1,958.95","1,983.00","1,983.00","1,948.00","2.06M","-0.71%"
"Jan 07, 2019","1,972.90","1,976.95","1,987.50","1,963.95","2.26M","0.02%"
"Jan 04, 2019","1,972.60","1,948.00","1,976.00","1,942.00","2.11M","1.85%"
"Jan 03, 2019","1,936.85","1,984.05","1,987.10","1,931.85","3.73M","-2.21%"
"Jan 02, 2019","1,980.65","2,004.70","2,009.00","1,961.00","2.00M","-1.41%"
"Jan 01, 2019","2,009.00","1,968.00","2,014.70","1,954.50","1.31M","2.07%"
"Dec 31, 2018","1,968.35","1,988.00","1,989.75","1,961.55","2.29M","-0.59%"
"Dec 28, 2018","1,979.95","1,959.00","1,990.00","1,952.00","2.38M","1.60%"
"Dec 27, 2018","1,948.85","1,948.45","1,955.00","1,930.00","1.65M","0.80%"
"Dec 26, 2018","1,933.35","1,896.00","1,944.70","1,883.20","1.54M","1.64%"
"Dec 24, 2018","1,902.15","1,955.00","1,955.00","1,898.00","2.21M","-2.38%"
"Dec 21, 2018","1,948.60","1,974.80","1,979.60","1,930.00","4.02M","-1.32%"
"Dec 20, 2018","1,974.70","1,970.00","1,982.00","1,943.05","1.83M","-0.35%"
"Dec 19, 2018","1,981.70","1,954.00","1,985.50","1,948.55","2.56M","1.52%"
"Dec 18, 2018","1,952.00","1,955.00","1,957.90","1,932.50","2.12M","-0.43%"
"Dec 17, 2018","1,960.35","1,915.00","1,963.40","1,913.70","2.03M","2.95%"
"Dec 14, 2018","1,904.10","1,945.00","1,955.00","1,898.05","3.46M","-1.95%"
"Dec 13, 2018","1,942.05","1,945.00","1,961.90","1,927.90","2.78M","0.10%"
"Dec 12, 2018","1,940.20","1,912.00","1,946.80","1,904.25","2.23M","1.83%"
"Dec 11, 2018","1,905.25","1,878.00","1,912.65","1,855.25","3.55M","-0.07%"
"Dec 10, 2018","1,906.50","1,924.35","1,939.90","1,901.25","2.18M","-2.30%"
"Dec 07, 2018","1,951.35","1,946.90","1,961.30","1,929.10","2.44M","0.29%"
"Dec 06, 2018","1,945.80","1,955.05","1,969.80","1,938.00","4.28M","-1.39%"
"Dec 05, 2018","1,973.30","1,927.00","1,979.80","1,920.60","3.15M","1.75%"
"Dec 04, 2018","1,939.45","1,980.00","1,980.00","1,917.70","3.91M","-2.09%"
"Dec 03, 2018","1,980.75","2,000.15","2,017.00","1,955.00","3.25M","-0.41%"
"Nov 30, 2018","1,989.00","1,970.00","1,998.75","1,962.80","4.24M","1.67%"
"Nov 29, 2018","1,956.30","1,940.00","1,965.00","1,935.00","3.83M","1.47%"
"Nov 28, 2018","1,928.00","1,909.00","1,930.90","1,907.15","3.14M","1.38%"
"Nov 27, 2018","1,901.70","1,884.65","1,908.80","1,870.00","2.49M","0.90%"
"Nov 26, 2018","1,884.65","1,883.90","1,891.30","1,869.00","2.38M","0.58%"
"Nov 22, 2018","1,873.70","1,872.00","1,889.20","1,866.65","1.65M","0.30%"
"Nov 21, 2018","1,868.15","1,877.10","1,891.25","1,864.00","2.39M","-0.46%"
"Nov 20, 2018","1,876.80","1,890.00","1,904.00","1,872.05","2.12M","-1.19%"
"Nov 19, 2018","1,899.35","1,899.95","1,906.95","1,872.80","2.68M","0.55%"
"Nov 16, 2018","1,889.00","1,861.00","1,892.90","1,850.00","2.93M","1.91%"
"Nov 15, 2018","1,853.60","1,837.00","1,858.00","1,824.20","1.67M","0.79%"
"Nov 14, 2018","1,839.15","1,836.00","1,850.00","1,830.25","2.90M","0.79%"
"Nov 13, 2018","1,824.70","1,790.00","1,829.00","1,784.55","1.81M","1.60%"
"Nov 12, 2018","1,795.90","1,817.10","1,838.45","1,789.35","2.02M","-1.11%"
"Nov 09, 2018","1,816.10","1,820.00","1,832.70","1,780.00","4.00M","0.01%"
"Nov 07, 2018","1,815.85","1,813.55","1,819.00","1,807.65","124.51K","0.55%"
"Nov 06, 2018","1,805.90","1,801.40","1,814.00","1,783.10","2.03M","0.73%"
"Nov 05, 2018","1,792.90","1,811.25","1,824.40","1,773.35","3.29M","-1.73%"
"Nov 02, 2018","1,824.40","1,790.00","1,836.90","1,765.50","3.70M","3.54%"
"Nov 01, 2018","1,762.00","1,776.80","1,794.90","1,748.25","5.14M","-0.41%"
"Oct 31, 2018","1,769.25","1,678.00","1,774.50","1,677.10","6.45M","5.82%"
"Oct 30, 2018","1,671.90","1,703.00","1,710.00","1,663.20","2.07M","-1.56%"
"Oct 29, 2018","1,698.40","1,705.00","1,710.00","1,653.05","5.33M","-0.22%"
"Oct 26, 2018","1,702.10","1,694.00","1,719.85","1,675.50","2.78M","0.45%"
"Oct 25, 2018","1,694.45","1,729.75","1,740.00","1,685.05","4.44M","-2.70%"
"Oct 24, 2018","1,741.45","1,715.00","1,748.50","1,706.60","3.60M","3.24%"
"Oct 23, 2018","1,686.75","1,645.00","1,710.00","1,644.50","3.73M","1.72%"
"Oct 22, 2018","1,658.30","1,683.90","1,689.70","1,649.45","4.63M","-0.12%"
"Oct 19, 2018","1,660.25","1,725.00","1,760.95","1,651.70","5.36M","-4.46%"
"Oct 17, 2018","1,737.80","1,772.00","1,775.00","1,729.50","3.58M","-1.05%"
"Oct 16, 2018","1,756.25","1,735.00","1,773.70","1,713.15","3.43M","1.35%"
"Oct 15, 2018","1,732.90","1,755.00","1,765.50","1,703.65","3.00M","0.15%"
"Oct 12, 2018","1,730.30","1,705.90","1,741.50","1,694.50","2.73M","2.72%"
"Oct 11, 2018","1,684.55","1,690.00","1,724.10","1,675.70","3.27M","-3.02%"
"Oct 10, 2018","1,736.95","1,717.40","1,768.00","1,716.65","2.36M","1.41%"
"Oct 09, 2018","1,712.75","1,682.70","1,734.00","1,671.60","3.08M","2.70%"
"Oct 08, 2018","1,667.70","1,695.80","1,708.55","1,646.55","4.94M","-2.40%"
"Oct 05, 2018","1,708.65","1,768.70","1,775.00","1,683.75","4.11M","-3.92%"
"Oct 04, 2018","1,778.45","1,780.00","1,797.95","1,742.35","4.28M","-1.06%"
"Oct 03, 2018","1,797.55","1,804.80","1,819.45","1,785.65","3.81M","-0.49%"
"Oct 01, 2018","1,806.35","1,765.70","1,817.10","1,753.10","2.70M","2.96%"
"Sep 28, 2018","1,754.50","1,742.00","1,773.50","1,736.00","6.88M","1.47%"
"Sep 27, 2018","1,729.00","1,767.15","1,768.75","1,726.15","5.97M","-2.18%"
"Sep 26, 2018","1,767.45","1,783.60","1,806.30","1,756.10","4.04M","-0.33%"
"Sep 25, 2018","1,773.35","1,728.80","1,784.00","1,713.80","7.20M","3.18%"
"Sep 24, 2018","1,718.70","1,839.00","1,846.25","1,702.80","9.03M","-6.56%"
"Sep 21, 2018","1,839.40","1,835.65","1,875.00","1,783.00","6.43M","0.48%"
"Sep 19, 2018","1,830.65","1,860.40","1,864.00","1,824.15","4.05M","-1.35%"
"Sep 18, 2018","1,855.70","1,877.25","1,888.75","1,847.05","2.91M","-1.23%"
"Sep 17, 2018","1,878.85","1,910.00","1,910.00","1,871.00","2.16M","-2.42%"
"Sep 14, 2018","1,925.45","1,892.00","1,928.95","1,882.10","3.52M","2.54%"
"Sep 12, 2018","1,877.80","1,878.90","1,886.75","1,856.55","2.64M","0.52%"
"Sep 11, 2018","1,868.05","1,890.00","1,892.55","1,860.45","4.06M","-0.82%"
"Sep 10, 2018","1,883.55","1,915.00","1,916.00","1,878.25","2.19M","-1.90%"
"Sep 07, 2018","1,920.00","1,963.50","1,963.50","1,915.05","2.25M","-1.85%"
"Sep 06, 2018","1,956.15","1,949.00","1,960.60","1,928.45","4.31M","0.97%"
"Sep 05, 2018","1,937.40","1,950.00","1,965.00","1,923.05","3.59M","-0.89%"
"Sep 04, 2018","1,954.80","1,939.00","1,959.65","1,939.00","2.93M","0.51%"
"Sep 03, 2018","1,944.80","1,950.00","1,950.00","1,928.10","2.31M","0.46%"
"Aug 31, 2018","1,935.95","1,940.90","1,942.45","1,908.05","3.86M","0.09%"
"Aug 30, 2018","1,934.15","1,950.00","1,964.45","1,928.25","2.47M","-1.13%"
"Aug 29, 2018","1,956.25","1,959.40","1,971.40","1,944.70","2.37M","0.06%"
"Aug 28, 2018","1,955.15","1,927.20","1,958.95","1,926.00","2.01M","1.57%"
"Aug 27, 2018","1,924.85","1,926.90","1,935.00","1,916.70","1.37M","0.30%"
"Aug 24, 2018","1,919.05","1,904.00","1,921.65","1,901.00","1.59M","0.67%"
"Aug 23, 2018","1,906.30","1,954.95","1,954.95","1,900.50","2.90M","-0.37%"
"Aug 21, 2018","1,913.35","1,915.05","1,931.80","1,906.55","1.60M","-0.35%"
"Aug 20, 2018","1,920.05","1,894.75","1,923.55","1,891.30","1.82M","1.82%"
"Aug 17, 2018","1,885.65","1,897.00","1,903.00","1,881.00","2.39M","-0.29%"
"Aug 16, 2018","1,891.20","1,936.50","1,936.50","1,888.55","3.85M","-2.59%"
"Aug 14, 2018","1,941.50","1,956.00","1,970.65","1,937.80","1.76M","-0.28%"
"Aug 13, 2018","1,947.00","1,967.00","1,967.35","1,939.20","1.20M","-1.38%"
"Aug 10, 2018","1,974.30","1,969.95","1,980.00","1,951.30","1.74M","0.22%"
"Aug 09, 2018","1,969.95","1,988.00","1,988.70","1,961.35","1.79M","-0.74%"
"Aug 08, 2018","1,984.60","1,976.00","1,989.75","1,953.40","1.51M","0.30%"
"Aug 07, 2018","1,978.60","1,982.00","1,992.90","1,968.55","1.68M","-0.04%"
"Aug 06, 2018","1,979.30","1,999.00","1,999.00","1,965.05","2.22M","0.09%"
"Aug 03, 2018","1,977.50","1,945.00","1,980.00","1,941.00","2.35M","2.36%"
"Aug 02, 2018","1,931.95","1,962.00","1,966.50","1,927.35","2.60M","-1.94%"
"Aug 01, 2018","1,970.15","1,995.00","1,995.20","1,959.65","3.42M","-1.24%"
"Jul 31, 2018","1,994.85","2,018.60","2,018.60","1,971.00","3.58M","-1.67%"
"Jul 30, 2018","2,028.75","2,047.00","2,052.95","2,013.80","2.18M","-0.90%"
"Jul 27, 2018","2,047.25","2,032.00","2,049.95","2,023.25","1.96M","1.18%"
"Jul 26, 2018","2,023.40","2,004.30","2,034.10","1,991.00","3.91M","1.13%"
"Jul 25, 2018","2,000.85","1,988.45","2,011.85","1,984.20","2.50M","1.28%"
"Jul 24, 2018","1,975.55","1,967.10","1,982.80","1,962.15","1.63M","0.44%"
"Jul 23, 2018","1,966.85","1,969.00","1,988.00","1,959.55","1.25M","-0.35%"
"Jul 20, 2018","1,973.85","1,980.50","1,982.00","1,957.10","1.47M","-0.73%"
"Jul 19, 2018","1,988.40","2,003.00","2,005.05","1,977.00","1.39M","-1.05%"
"Jul 18, 2018","2,009.45","2,005.00","2,025.00","1,998.80","2.80M","1.01%"
"Jul 17, 2018","1,989.30","1,991.00","1,998.00","1,968.00","2.17M","-0.10%"
"Jul 16, 2018","1,991.20","1,979.95","1,997.50","1,973.00","3.69M","0.95%"
"Jul 13, 2018","1,972.50","1,968.00","1,978.35","1,943.45","2.47M","0.50%"
"Jul 12, 2018","1,962.70","1,938.00","1,979.90","1,935.00","2.80M","1.79%"
"Jul 11, 2018","1,928.10","1,946.00","1,961.80","1,920.30","2.22M","-0.74%"
"Jul 10, 2018","1,942.55","1,912.00","1,947.60","1,904.55","1.85M","1.98%"
"Jul 09, 2018","1,904.90","1,919.00","1,922.00","1,901.00","2.38M","-0.62%"
"Jul 06, 2018","1,916.85","1,926.10","1,938.40","1,912.25","2.55M","-0.74%"
"Jul 05, 2018","1,931.05","1,923.70","1,937.15","1,908.25","1.95M","0.44%"
"Jul 04, 2018","1,922.50","1,883.00","1,926.70","1,882.10","2.61M","2.28%"
"Jul 03, 2018","1,879.70","1,900.00","1,900.00","1,874.65","1.69M","-0.92%"
"Jul 02, 2018","1,897.10","1,912.90","1,915.35","1,879.30","2.28M","-0.58%"
"Jun 29, 2018","1,908.10","1,889.00","1,913.00","1,873.00","4.02M","1.60%"
"Jun 28, 2018","1,878.00","1,904.00","1,913.00","1,865.50","4.90M","-1.41%"
"Jun 27, 2018","1,904.85","1,922.00","1,936.00","1,895.65","3.31M","-0.57%"
"Jun 26, 2018","1,915.85","1,892.00","1,922.85","1,889.40","2.82M","1.16%"
"Jun 25, 2018","1,893.80","1,909.00","1,911.50","1,885.00","3.17M","-0.68%"
"Jun 22, 2018","1,906.75","1,859.00","1,912.70","1,853.80","4.07M","2.57%"
"Jun 21, 2018","1,858.90","1,855.00","1,876.60","1,844.45","3.19M","0.64%"
"Jun 20, 2018","1,847.00","1,832.10","1,852.10","1,830.20","1.68M","1.04%"
"Jun 19, 2018","1,828.00","1,823.25","1,837.90","1,817.00","2.63M","0.24%"
"Jun 18, 2018","1,823.55","1,831.50","1,834.60","1,820.20","1.97M","-0.47%"
"Jun 15, 2018","1,832.25","1,842.00","1,865.45","1,827.10","3.70M","-0.08%"
"Jun 14, 2018","1,833.75","1,837.50","1,838.50","1,827.00","2.04M","0.08%"
"Jun 13, 2018","1,832.30","1,851.00","1,856.25","1,826.60","1.79M","-0.83%"
"Jun 12, 2018","1,847.70","1,840.30","1,854.80","1,838.05","1.66M","0.45%"
"Jun 11, 2018","1,839.45","1,839.10","1,850.00","1,831.35","1.56M","-0.05%"
"Jun 08, 2018","1,840.45","1,855.05","1,863.30","1,827.00","1.95M","-1.53%"
"Jun 07, 2018","1,869.00","1,862.50","1,874.00","1,858.55","1.45M","0.57%"
"Jun 06, 2018","1,858.45","1,848.00","1,861.50","1,838.15","1.22M","0.54%"
"Jun 05, 2018","1,848.40","1,832.10","1,854.90","1,820.65","1.54M","0.83%"
"Jun 04, 2018","1,833.15","1,860.90","1,870.45","1,825.35","2.01M","-0.60%"
"Jun 01, 2018","1,844.25","1,833.00","1,857.00","1,823.95","2.65M","0.61%"
"May 31, 2018","1,833.00","1,812.00","1,838.50","1,797.20","5.62M","2.36%"
"May 30, 2018","1,790.80","1,804.00","1,807.00","1,780.40","3.14M","-1.05%"
"May 29, 2018","1,809.75","1,827.75","1,828.75","1,804.30","1.16M","-1.08%"
"May 28, 2018","1,829.55","1,825.00","1,835.00","1,820.55","1.62M","0.54%"
"May 25, 2018","1,819.75","1,808.20","1,828.65","1,796.05","2.30M","0.76%"
"May 24, 2018","1,806.10","1,797.00","1,814.05","1,788.10","2.19M","1.26%"
"May 23, 2018","1,783.65","1,807.40","1,807.40","1,780.05","3.06M","-1.46%"
"May 22, 2018","1,810.00","1,820.20","1,829.00","1,795.85","3.15M","-0.51%"
"May 21, 2018","1,819.20","1,860.00","1,860.00","1,816.50","2.82M","-1.82%"
"May 18, 2018","1,853.00","1,870.00","1,882.10","1,850.05","2.52M","-1.18%"
"May 17, 2018","1,875.10","1,919.00","1,919.00","1,867.95","2.75M","-2.06%"
"May 16, 2018","1,914.55","1,924.90","1,929.00","1,908.90","1.37M","-0.78%"
"May 15, 2018","1,929.55","1,936.50","1,941.90","1,923.80","2.87M","-0.05%"
"May 14, 2018","1,930.60","1,919.80","1,936.90","1,919.80","1.94M","0.56%"
"May 11, 2018","1,919.80","1,901.00","1,921.70","1,901.00","948.29K","1.35%"
"May 10, 2018","1,894.30","1,908.00","1,909.95","1,890.45","1.15M","-0.18%"
"May 09, 2018","1,897.65","1,893.15","1,905.40","1,882.30","1.67M","-0.30%"
"May 08, 2018","1,903.35","1,920.10","1,920.10","1,895.60","2.12M","-0.80%"
"May 07, 2018","1,918.70","1,914.00","1,922.10","1,901.25","2.39M","0.44%"
"May 04, 2018","1,910.35","1,929.00","1,933.80","1,904.20","1.99M","-0.64%"
"May 03, 2018","1,922.70","1,908.00","1,931.65","1,906.75","4.56M","0.63%"
"May 02, 2018","1,910.60","1,897.00","1,912.50","1,871.35","4.81M","1.45%"
"Apr 30, 2018","1,883.25","1,864.00","1,891.55","1,862.55","3.34M","1.59%"
"Apr 27, 2018","1,853.75","1,848.10","1,859.35","1,840.00","3.01M","0.18%"
"Apr 26, 2018","1,850.45","1,853.00","1,857.35","1,841.20","3.35M","0.05%"
"Apr 25, 2018","1,849.50","1,858.00","1,858.00","1,840.00","1.30M","-0.54%"
"Apr 24, 2018","1,859.55","1,836.90","1,867.50","1,834.50","2.38M","1.57%"
"Apr 23, 2018","1,830.85","1,849.00","1,849.00","1,828.60","2.51M","-0.18%"
"Apr 20, 2018","1,834.15","1,863.00","1,873.00","1,832.50","2.63M","-1.32%"
"Apr 19, 2018","1,858.65","1,883.00","1,887.05","1,851.65","1.66M","-1.01%"
"Apr 18, 2018","1,877.70","1,897.70","1,898.00","1,871.10","1.69M","-0.64%"
"Apr 17, 2018","1,889.70","1,875.00","1,896.65","1,862.20","2.84M","1.03%"
"Apr 16, 2018","1,870.45","1,833.00","1,873.00","1,832.20","2.56M","1.62%"
"Apr 13, 2018","1,840.60","1,834.00","1,842.85","1,822.60","1.85M","0.63%"
"Apr 12, 2018","1,829.05","1,808.45","1,830.55","1,806.00","1.30M","0.92%"
"Apr 11, 2018","1,812.40","1,823.50","1,827.80","1,802.60","1.92M","-0.28%"
"Apr 10, 2018","1,817.50","1,848.00","1,851.65","1,815.10","1.67M","-1.05%"
"Apr 09, 2018","1,836.70","1,834.85","1,847.00","1,825.00","1.48M","0.42%"
"Apr 06, 2018","1,829.00","1,827.00","1,837.80","1,820.60","3.26M","0.25%"
"Apr 05, 2018","1,824.45","1,821.00","1,830.00","1,812.20","3.55M","1.17%"
"Apr 04, 2018","1,803.30","1,830.70","1,831.80","1,792.00","2.27M","-1.23%"
"Apr 03, 2018","1,825.70","1,836.00","1,846.55","1,815.60","1.95M","-0.67%"
"Apr 02, 2018","1,838.05","1,830.95","1,854.15","1,828.95","2.61M","0.68%"
"Mar 28, 2018","1,825.60","1,821.00","1,830.95","1,812.75","4.01M","0.13%"
"Mar 27, 2018","1,823.15","1,837.90","1,838.00","1,813.90","3.60M","-0.38%"
"Mar 26, 2018","1,830.15","1,781.00","1,835.35","1,778.25","1.92M","2.27%"
"Mar 23, 2018","1,789.60","1,787.70","1,799.55","1,776.10","2.79M","-1.10%"
"Mar 22, 2018","1,809.55","1,820.00","1,838.50","1,801.75","2.66M","-0.46%"
"Mar 21, 2018","1,817.85","1,820.00","1,830.40","1,803.60","3.57M","0.99%"
"Mar 20, 2018","1,800.05","1,771.00","1,808.50","1,771.00","3.44M","1.44%"
"Mar 19, 2018","1,774.50","1,799.00","1,806.85","1,768.45","3.99M","-0.94%"
"Mar 16, 2018","1,791.40","1,830.00","1,832.00","1,784.65","8.01M","-2.11%"
"Mar 15, 2018","1,830.00","1,846.00","1,847.70","1,827.40","1.55M","-0.80%"
"Mar 14, 2018","1,844.70","1,857.25","1,863.80","1,836.05","1.65M","-1.27%"
"Mar 13, 2018","1,868.50","1,850.00","1,881.50","1,850.00","3.26M","0.56%"
"Mar 12, 2018","1,858.05","1,831.60","1,865.35","1,827.05","3.24M","2.17%"
"Mar 09, 2018","1,818.60","1,801.00","1,834.30","1,801.00","3.00M","1.10%"
"Mar 08, 2018","1,798.75","1,772.90","1,803.55","1,771.70","3.17M","2.10%"
"Mar 07, 2018","1,761.75","1,774.35","1,782.20","1,756.10","1.62M","-1.18%"
"Mar 06, 2018","1,782.80","1,803.90","1,819.00","1,758.10","2.90M","-0.38%"
"Mar 05, 2018","1,789.60","1,814.00","1,814.00","1,780.30","2.16M","-1.35%"
"Mar 01, 2018","1,814.15","1,811.00","1,818.50","1,801.00","3.27M","0.30%"
"Feb 28, 2018","1,808.70","1,830.00","1,832.00","1,803.60","2.80M","-1.09%"
"Feb 27, 2018","1,828.65","1,850.00","1,851.00","1,819.05","2.56M","-0.79%"
"Feb 26, 2018","1,843.25","1,830.00","1,852.75","1,821.35","2.25M","1.04%"
"Feb 23, 2018","1,824.20","1,826.85","1,827.40","1,815.50","2.02M","0.27%"
"Feb 22, 2018","1,819.25","1,819.70","1,825.00","1,807.70","6.23M","-0.30%"
"Feb 21, 2018","1,824.80","1,825.00","1,832.70","1,816.00","3.80M","0.72%"
"Feb 20, 2018","1,811.75","1,832.90","1,840.00","1,802.50","2.52M","-0.13%"
"Feb 19, 2018","1,814.05","1,827.75","1,830.20","1,801.00","1.60M","-0.08%"
"Feb 16, 2018","1,815.50","1,835.50","1,836.95","1,804.20","2.37M","-0.77%"
"Feb 15, 2018","1,829.50","1,828.90","1,851.00","1,819.15","3.38M","0.85%"
"Feb 14, 2018","1,814.00","1,820.00","1,833.00","1,805.00","3.92M","0.47%"
"Feb 12, 2018","1,805.45","1,777.10","1,812.30","1,760.70","3.19M","1.83%"
"Feb 09, 2018","1,773.05","1,780.25","1,783.45","1,762.00","2.77M","-2.14%"
"Feb 08, 2018","1,811.80","1,788.00","1,836.40","1,787.50","1.87M","1.48%"
"Feb 07, 2018","1,785.35","1,795.00","1,806.65","1,767.05","3.55M","-0.18%"
"Feb 06, 2018","1,788.60","1,769.00","1,808.80","1,757.05","3.60M","-1.91%"
"Feb 05, 2018","1,823.35","1,866.10","1,886.00","1,811.80","6.08M","-4.23%"
"Feb 02, 2018","1,903.85","1,946.00","1,946.00","1,895.00","3.27M","-3.24%"
"Feb 01, 2018","1,967.55","1,963.00","1,975.30","1,931.80","3.84M","0.58%"
"Jan 31, 2018","1,956.30","1,932.25","1,963.05","1,918.00","3.67M","0.97%"
"Jan 30, 2018","1,937.50","1,971.50","1,971.50","1,927.90","4.07M","-1.53%"
"Jan 29, 2018","1,967.60","1,915.00","1,986.05","1,909.90","6.31M","3.11%"
"Jan 25, 2018","1,908.30","1,917.00","1,922.50","1,883.50","4.62M","-0.15%"
"Jan 24, 2018","1,911.20","1,886.60","1,919.55","1,880.00","3.40M","1.41%"
"Jan 23, 2018","1,884.65","1,874.00","1,896.90","1,870.20","2.16M","0.68%"
"Jan 22, 2018","1,872.00","1,901.00","1,924.35","1,863.95","3.65M","-1.54%"
"Jan 19, 2018","1,901.25","1,897.00","1,912.80","1,894.35","2.83M","0.23%"
"Jan 18, 2018","1,896.80","1,875.45","1,918.65","1,865.60","6.61M","2.07%"
"Jan 17, 2018","1,858.35","1,841.00","1,869.00","1,841.00","3.62M","0.67%"
"Jan 16, 2018","1,845.95","1,870.00","1,870.00","1,835.75","5.37M","-1.35%"
"Jan 15, 2018","1,871.20","1,790.00","1,886.80","1,778.05","9.49M","6.26%"
"Jan 12, 2018","1,760.95","1,744.00","1,764.95","1,740.60","3.28M","1.13%"
"Jan 11, 2018","1,741.35","1,729.90","1,745.00","1,724.40","1.68M","0.86%"
"Jan 10, 2018","1,726.45","1,730.00","1,739.50","1,721.20","1.47M","-0.50%"
"Jan 09, 2018","1,735.05","1,743.85","1,748.35","1,725.00","1.47M","-0.34%"
"Jan 08, 2018","1,740.95","1,729.25","1,745.00","1,729.00","3.00M","0.91%"
"Jan 05, 2018","1,725.20","1,716.00","1,731.00","1,705.85","2.30M","1.29%"
"Jan 04, 2018","1,703.20","1,708.95","1,708.95","1,691.05","1.59M","0.14%"
"Jan 03, 2018","1,700.80","1,705.20","1,711.80","1,695.00","2.13M","-0.14%"
"Jan 02, 2018","1,703.25","1,690.00","1,706.25","1,685.40","1.47M","1.16%"
"Jan 01, 2018","1,683.75","1,710.00","1,711.05","1,677.50","1.39M","-1.56%"
"Dec 29, 2017","1,710.40","1,699.00","1,713.00","1,697.55","2.18M","0.84%"
"Dec 28, 2017","1,696.15","1,713.75","1,715.00","1,690.30","1.15M","-0.69%"
"Dec 27, 2017","1,707.90","1,710.00","1,715.00","1,705.00","987.45K","-0.31%"
"Dec 26, 2017","1,713.20","1,715.00","1,719.00","1,702.05","1.37M","0.23%"
"Dec 22, 2017","1,709.35","1,708.90","1,717.00","1,697.00","1.83M","0.44%"
"Dec 21, 2017","1,701.90","1,710.00","1,710.00","1,695.25","1.71M","0.48%"
"Dec 20, 2017","1,693.70","1,715.95","1,718.35","1,690.00","2.49M","-0.90%"
"Dec 19, 2017","1,709.15","1,722.00","1,725.00","1,704.65","2.43M","-0.63%"
"Dec 18, 2017","1,719.95","1,713.10","1,741.30","1,679.70","2.22M","-0.18%"
"Dec 15, 2017","1,723.00","1,714.00","1,734.55","1,713.05","2.99M","1.09%"
"Dec 14, 2017","1,704.50","1,705.00","1,710.00","1,682.25","2.00M","0.46%"
"Dec 13, 2017","1,696.70","1,709.10","1,716.65","1,688.30","2.18M","-0.82%"
"Dec 12, 2017","1,710.80","1,707.10","1,715.00","1,698.00","3.65M","0.05%"
"Dec 11, 2017","1,709.95","1,692.00","1,718.00","1,691.00","2.78M","1.60%"
"Dec 08, 2017","1,682.95","1,665.00","1,688.10","1,660.00","3.67M","1.66%"
"Dec 07, 2017","1,655.55","1,650.00","1,660.00","1,644.10","2.21M","0.43%"
"Dec 06, 2017","1,648.40","1,673.05","1,675.40","1,640.85","3.92M","-1.85%"
"Dec 05, 2017","1,679.50","1,677.00","1,690.00","1,663.40","2.44M","-0.05%"
"Dec 04, 2017","1,680.40","1,664.90","1,685.00","1,655.60","3.20M","1.30%"
"Dec 01, 2017","1,658.80","1,684.20","1,685.75","1,651.05","2.27M","-1.01%"
"Nov 30, 2017","1,675.70","1,702.00","1,703.85","1,667.95","6.83M","-1.67%"
"Nov 29, 2017","1,704.15","1,727.10","1,727.10","1,700.35","5.14M","-1.24%"
"Nov 28, 2017","1,725.50","1,713.20","1,737.00","1,710.00","2.02M","0.85%"
"Nov 27, 2017","1,711.00","1,709.00","1,714.55","1,699.60","1.16M","-0.00%"
"Nov 24, 2017","1,711.05","1,707.90","1,715.00","1,697.10","1.27M","0.38%"
"Nov 23, 2017","1,704.60","1,715.00","1,720.95","1,700.65","1.89M","-0.79%"
"Nov 22, 2017","1,718.15","1,694.50","1,724.95","1,692.75","3.10M","1.40%"
"Nov 21, 2017","1,694.50","1,692.90","1,706.00","1,687.00","3.63M","0.31%"
"Nov 20, 2017","1,689.20","1,699.90","1,706.75","1,685.00","3.41M","-0.96%"
"Nov 17, 2017","1,705.50","1,694.00","1,720.00","1,688.30","4.16M","2.47%"
"Nov 16, 2017","1,664.40","1,660.00","1,672.00","1,649.30","4.09M","0.82%"
"Nov 15, 2017","1,650.90","1,663.00","1,676.40","1,648.40","2.69M","-0.63%"
"Nov 14, 2017","1,661.40","1,664.00","1,682.55","1,658.00","3.49M","-0.53%"
"Nov 13, 2017","1,670.30","1,700.10","1,705.00","1,666.40","3.84M","-2.29%"
"Nov 10, 2017","1,709.50","1,726.00","1,726.00","1,697.15","2.33M","-0.95%"
"Nov 09, 2017","1,725.85","1,760.00","1,760.00","1,706.00","3.60M","-1.24%"
"Nov 08, 2017","1,747.45","1,758.20","1,777.95","1,742.25","2.71M","-0.97%"
"Nov 07, 2017","1,764.65","1,783.60","1,804.00","1,760.25","2.26M","-1.43%"
"Nov 06, 2017","1,790.20","1,770.00","1,799.00","1,766.00","1.47M","0.78%"
"Nov 03, 2017","1,776.30","1,771.00","1,790.00","1,760.15","1.61M","0.80%"
"Nov 02, 2017","1,762.25","1,743.10","1,769.85","1,743.10","2.39M","0.45%"
"Nov 01, 2017","1,754.30","1,710.00","1,760.10","1,701.25","3.41M","2.75%"
"Oct 31, 2017","1,707.40","1,711.00","1,727.80","1,697.95","2.29M","0.09%"
"Oct 30, 2017","1,705.80","1,706.40","1,722.80","1,685.10","2.71M","0.40%"
"Oct 27, 2017","1,699.05","1,704.00","1,716.00","1,681.35","1.22M","0.40%"
"Oct 26, 2017","1,692.35","1,669.50","1,707.00","1,638.00","6.43M","0.88%"
"Oct 25, 2017","1,677.65","1,736.90","1,737.90","1,649.35","3.82M","-2.59%"
"Oct 24, 2017","1,722.30","1,725.00","1,732.00","1,712.00","1.56M","-0.01%"
"Oct 23, 2017","1,722.40","1,751.80","1,751.80","1,713.00","2.81M","-1.34%"
"Oct 19, 2017","1,745.75","1,751.00","1,754.75","1,738.90","119.83K","-0.33%"
"Oct 18, 2017","1,751.55","1,759.75","1,764.20","1,749.00","1.75M","-0.47%"
"Oct 17, 2017","1,759.75","1,760.80","1,767.45","1,751.30","1.43M","-0.18%"
"Oct 16, 2017","1,762.90","1,771.00","1,779.40","1,746.05","2.65M","-0.20%"
"Oct 13, 2017","1,766.45","1,752.10","1,773.80","1,752.00","2.72M","0.62%"
"Oct 12, 2017","1,755.55","1,752.15","1,758.80","1,742.10","1.57M","0.27%"
"Oct 11, 2017","1,750.75","1,750.00","1,763.40","1,741.95","1.25M","0.34%"
"Oct 10, 2017","1,744.75","1,748.55","1,749.70","1,737.30","1.96M","-0.28%"
"Oct 09, 2017","1,749.70","1,739.90","1,753.80","1,731.20","1.51M","0.56%"
"Oct 06, 2017","1,740.00","1,752.20","1,765.95","1,733.25","3.03M","-0.67%"
"Oct 05, 2017","1,751.70","1,772.30","1,776.00","1,748.10","1.32M","-0.93%"
"Oct 04, 2017","1,768.10","1,762.10","1,777.65","1,750.00","2.26M","0.37%"
"Oct 03, 2017","1,761.60","1,753.10","1,768.00","1,734.15","3.37M","1.12%"
"Sep 29, 2017","1,742.15","1,749.00","1,758.70","1,730.00","2.81M","-0.13%"
"Sep 28, 2017","1,744.35","1,720.10","1,764.80","1,713.00","3.64M","1.45%"
"Sep 27, 2017","1,719.35","1,757.00","1,757.00","1,715.80","2.82M","-1.26%"
"Sep 26, 2017","1,741.25","1,755.00","1,758.80","1,728.10","2.49M","-0.79%"
"Sep 25, 2017","1,755.05","1,777.80","1,777.85","1,738.90","2.02M","-1.45%"
"Sep 22, 2017","1,780.95","1,785.00","1,786.10","1,770.15","2.21M","-0.43%"
"Sep 21, 2017","1,788.60","1,766.00","1,795.35","1,764.00","4.40M","1.21%"
"Sep 20, 2017","1,767.15","1,746.00","1,771.00","1,746.00","1.91M","0.83%"
"Sep 19, 2017","1,752.60","1,775.15","1,776.15","1,751.00","2.41M","-1.08%"
"Sep 18, 2017","1,771.75","1,774.00","1,779.45","1,763.60","1.88M","0.16%"
"Sep 15, 2017","1,768.95","1,761.10","1,781.30","1,758.00","4.78M","-0.16%"
"Sep 14, 2017","1,771.80","1,777.00","1,778.15","1,763.05","3.63M","-0.35%"
"Sep 13, 2017","1,778.10","1,795.00","1,799.70","1,773.60","1.95M","-1.11%"
"Sep 12, 2017","1,798.10","1,792.80","1,802.00","1,768.70","2.32M","0.92%"
"Sep 11, 2017","1,781.70","1,782.50","1,796.00","1,776.35","1.80M","0.14%"
"Sep 08, 2017","1,779.15","1,782.00","1,789.85","1,774.10","1.62M","-0.14%"
"Sep 07, 2017","1,781.70","1,773.10","1,790.40","1,752.10","2.92M","0.38%"
"Sep 06, 2017","1,775.00","1,754.00","1,777.00","1,749.20","1.90M","0.44%"
"Sep 05, 2017","1,767.30","1,754.00","1,772.20","1,748.05","1.29M","0.68%"
"Sep 04, 2017","1,755.40","1,767.80","1,768.50","1,742.05","1.66M","-0.24%"
"Sep 01, 2017","1,759.55","1,776.00","1,776.00","1,751.65","2.12M","-0.98%"
"Aug 31, 2017","1,776.90","1,762.00","1,780.95","1,746.00","4.65M","1.01%"
"Aug 30, 2017","1,759.05","1,741.00","1,770.00","1,738.50","2.40M","1.81%"
"Aug 29, 2017","1,727.80","1,754.50","1,762.50","1,725.00","3.26M","-2.19%"
"Aug 28, 2017","1,766.45","1,765.00","1,784.45","1,756.45","4.27M","0.52%"
"Aug 24, 2017","1,757.35","1,764.60","1,769.00","1,746.00","1.56M","-0.45%"
"Aug 23, 2017","1,765.25","1,750.25","1,769.00","1,747.70","2.86M","0.85%"
"Aug 22, 2017","1,750.40","1,743.90","1,756.75","1,737.60","1.51M","0.70%"
"Aug 21, 2017","1,738.15","1,737.20","1,745.40","1,730.00","1.69M","0.18%"
"Aug 18, 2017","1,735.05","1,757.00","1,758.75","1,725.25","1.90M","-1.38%"
"Aug 17, 2017","1,759.25","1,748.75","1,766.00","1,720.25","2.41M","1.00%"
"Aug 16, 2017","1,741.75","1,722.80","1,758.00","1,715.10","3.36M","1.62%"
"Aug 14, 2017","1,713.95","1,700.80","1,745.30","1,691.30","2.14M","1.10%"
"Aug 11, 2017","1,695.35","1,686.50","1,709.45","1,681.40","1.99M","-0.85%"
"Aug 10, 2017","1,709.80","1,728.00","1,749.05","1,699.00","3.18M","-1.26%"
"Aug 09, 2017","1,731.65","1,718.90","1,741.80","1,705.00","1.82M","0.68%"
"Aug 08, 2017","1,719.90","1,729.90","1,732.05","1,701.00","2.92M","-0.32%"
"Aug 07, 2017","1,725.40","1,731.00","1,753.00","1,720.10","2.37M","-0.34%"
"Aug 04, 2017","1,731.35","1,725.30","1,738.65","1,721.00","5.37M","-0.31%"
"Aug 03, 2017","1,736.75","1,774.00","1,776.80","1,725.00","3.98M","-1.68%"
"Aug 02, 2017","1,766.40","1,777.00","1,783.25","1,760.00","1.96M","-0.71%"
"Aug 01, 2017","1,779.10","1,787.25","1,799.00","1,754.70","3.26M","-0.57%"
"Jul 31, 2017","1,789.25","1,783.90","1,799.90","1,751.20","4.67M","0.22%"
"Jul 28, 2017","1,785.35","1,717.50","1,799.20","1,709.10","7.94M","3.31%"
"Jul 27, 2017","1,728.20","1,647.00","1,743.45","1,642.15","9.03M","5.80%"
"Jul 26, 2017","1,633.45","1,635.00","1,643.80","1,620.00","5.04M","0.09%"
"Jul 25, 2017","1,632.05","1,643.00","1,643.00","1,627.35","2.99M","-0.01%"
"Jul 24, 2017","1,632.25","1,646.80","1,647.00","1,626.30","5.39M","-0.53%"
"Jul 21, 2017","1,640.95","1,655.70","1,655.70","1,622.35","2.04M","-0.61%"
"Jul 20, 2017","1,651.00","1,665.10","1,665.15","1,642.80","1.04M","-0.23%"
"Jul 19, 2017","1,654.85","1,661.00","1,661.00","1,641.85","2.81M","0.11%"
"Jul 18, 2017","1,653.00","1,655.00","1,676.95","1,649.10","2.07M","0.04%"
"Jul 17, 2017","1,652.35","1,649.00","1,658.90","1,645.55","1.08M","0.28%"
"Jul 14, 2017","1,647.70","1,649.00","1,649.90","1,637.05","1.21M","-0.56%"
"Jul 13, 2017","1,656.90","1,640.20","1,665.00","1,640.20","2.73M","1.03%"
"Jul 12, 2017","1,639.95","1,647.00","1,648.00","1,626.05","2.07M","-0.17%"
"Jul 11, 2017","1,642.75","1,640.40","1,649.10","1,629.90","1.55M","0.24%"
"Jul 10, 2017","1,638.85","1,678.00","1,678.00","1,620.90","380.67K","0.60%"
"Jul 07, 2017","1,629.15","1,650.00","1,650.00","1,617.00","3.41M","-1.14%"
"Jul 06, 2017","1,647.90","1,623.05","1,654.00","1,623.05","2.40M","1.15%"
"Jul 05, 2017","1,629.10","1,639.05","1,640.00","1,622.25","1.32M","-0.70%"
"Jul 04, 2017","1,640.65","1,626.35","1,646.50","1,616.40","1.91M","1.17%"
"Jul 03, 2017","1,621.65","1,610.35","1,629.00","1,600.70","1.52M","0.41%"
"Jun 30, 2017","1,614.95","1,625.00","1,625.00","1,606.95","1.87M","-1.06%"
"Jun 29, 2017","1,632.20","1,629.40","1,654.90","1,620.10","2.78M","0.20%"
"Jun 28, 2017","1,629.00","1,656.50","1,658.80","1,623.10","1.68M","-1.34%"
"Jun 27, 2017","1,651.05","1,655.70","1,667.00","1,639.70","3.61M","-0.02%"
"Jun 23, 2017","1,651.35","1,660.00","1,661.00","1,642.10","2.59M","-0.15%"
"Jun 22, 2017","1,653.80","1,626.10","1,660.00","1,626.10","3.44M","1.57%"
"Jun 21, 2017","1,628.25","1,632.15","1,638.00","1,615.50","2.36M","-0.20%"
"Jun 20, 2017","1,631.50","1,651.15","1,660.00","1,627.90","2.30M","-1.37%"
"Jun 19, 2017","1,654.20","1,659.00","1,660.00","1,645.20","2.91M","0.81%"
"Jun 16, 2017","1,640.85","1,634.30","1,651.00","1,629.15","2.69M","0.24%"
"Jun 15, 2017","1,636.85","1,648.70","1,653.70","1,629.55","5.68M","-0.86%"
"Jun 14, 2017","1,651.10","1,661.55","1,668.00","1,644.00","6.52M","-0.99%"
"Jun 13, 2017","1,667.65","1,642.05","1,682.20","1,642.05","2.74M","1.22%"
"Jun 12, 2017","1,647.50","1,644.00","1,651.80","1,633.85","2.00M","0.02%"
"Jun 09, 2017","1,647.20","1,628.00","1,649.00","1,620.10","2.63M","0.84%"
"Jun 08, 2017","1,633.55","1,608.90","1,635.00","1,605.00","2.29M","2.14%"
"Jun 07, 2017","1,599.35","1,609.70","1,611.50","1,590.60","1.73M","-0.40%"
"Jun 06, 2017","1,605.75","1,610.00","1,624.85","1,602.50","2.17M","-0.02%"
"Jun 05, 2017","1,606.15","1,606.40","1,612.00","1,591.15","2.99M","0.09%"
"Jun 02, 2017","1,604.65","1,582.00","1,612.80","1,582.00","3.43M","1.32%"
"Jun 01, 2017","1,583.75","1,551.80","1,587.40","1,551.80","2.99M","0.89%"
"May 31, 2017","1,569.85","1,581.00","1,596.15","1,565.40","4.91M","-0.61%"
"May 30, 2017","1,579.50","1,595.70","1,604.00","1,575.05","1.61M","-1.21%"
"May 29, 2017","1,598.85","1,546.00","1,601.25","1,546.00","3.46M","3.29%"
"May 26, 2017","1,547.90","1,538.10","1,563.00","1,530.25","1.87M","0.53%"
"May 25, 2017","1,539.75","1,533.90","1,546.00","1,530.50","4.10M","0.98%"
"May 24, 2017","1,524.85","1,519.00","1,541.75","1,512.40","2.21M","0.88%"
"May 23, 2017","1,511.50","1,521.70","1,537.20","1,503.45","1.41M","-0.55%"
"May 22, 2017","1,519.85","1,530.00","1,530.00","1,510.25","1.92M","-0.05%"
"May 19, 2017","1,520.60","1,545.00","1,548.00","1,515.35","2.14M","-1.07%"
"May 18, 2017","1,537.05","1,547.00","1,558.60","1,526.50","2.40M","-1.00%"
"May 17, 2017","1,552.50","1,565.50","1,570.95","1,549.75","2.16M","-0.90%"
"May 16, 2017","1,566.55","1,558.00","1,569.00","1,554.00","2.11M","0.45%"
"May 15, 2017","1,559.50","1,554.50","1,572.60","1,554.10","1.27M","0.63%"
"May 12, 2017","1,549.80","1,565.00","1,566.20","1,539.35","1.29M","-0.99%"
"May 11, 2017","1,565.30","1,581.00","1,581.00","1,557.00","2.65M","-0.43%"
"May 10, 2017","1,572.00","1,532.00","1,575.25","1,527.20","2.97M","3.18%"
"May 09, 2017","1,523.50","1,537.90","1,542.80","1,517.85","2.04M","-0.39%"
"May 08, 2017","1,529.50","1,542.00","1,549.00","1,527.15","1.89M","-1.12%"
"May 05, 2017","1,546.85","1,570.10","1,570.20","1,540.95","2.30M","-1.12%"
"May 04, 2017","1,564.35","1,573.00","1,587.40","1,556.00","5.81M","-0.44%"
"May 03, 2017","1,571.30","1,588.00","1,591.85","1,563.00","4.03M","-0.85%"
"May 02, 2017","1,584.75","1,547.00","1,590.75","1,538.90","4.47M","3.10%"
"Apr 28, 2017","1,537.15","1,564.10","1,566.00","1,532.15","2.85M","-1.87%"
"Apr 27, 2017","1,566.50","1,582.00","1,589.95","1,559.05","4.53M","-1.23%"
"Apr 26, 2017","1,586.00","1,551.20","1,590.00","1,551.20","3.60M","2.43%"
"Apr 25, 2017","1,548.40","1,535.00","1,557.60","1,531.00","2.42M","1.16%"
"Apr 24, 2017","1,530.70","1,509.80","1,538.55","1,507.45","1.55M","1.54%"
"Apr 21, 2017","1,507.45","1,519.90","1,526.75","1,490.95","1.52M","-0.64%"
"Apr 20, 2017","1,517.10","1,490.00","1,531.75","1,487.10","2.91M","1.81%"
"Apr 19, 2017","1,490.20","1,491.55","1,492.30","1,470.20","1.55M","0.69%"
"Apr 18, 2017","1,480.05","1,482.00","1,491.00","1,474.00","1.78M","0.03%"
"Apr 17, 2017","1,479.55","1,475.00","1,494.45","1,474.80","1.21M","0.32%"
"Apr 13, 2017","1,474.90","1,470.00","1,484.70","1,461.15","1.77M","0.56%"
"Apr 12, 2017","1,466.65","1,475.00","1,476.45","1,460.00","2.66M","-0.69%"
"Apr 11, 2017","1,476.85","1,465.10","1,486.95","1,461.20","2.17M","0.64%"
"Apr 10, 2017","1,467.50","1,484.00","1,484.00","1,465.05","2.20M","-1.16%"
"Apr 07, 2017","1,484.75","1,474.90","1,494.00","1,466.25","2.37M","0.15%"
"Apr 06, 2017","1,482.60","1,490.00","1,490.00","1,468.10","3.53M","-0.51%"
"Apr 05, 2017","1,490.15","1,525.10","1,530.00","1,486.75","4.84M","-2.84%"
"Apr 03, 2017","1,533.65","1,509.65","1,537.20","1,502.05","2.30M","2.10%"
"Mar 31, 2017","1,502.10","1,520.20","1,520.20","1,496.55","2.82M","-1.17%"
"Mar 30, 2017","1,519.95","1,520.00","1,528.40","1,510.55","8.06M","-0.14%"
"Mar 29, 2017","1,522.05","1,510.10","1,531.00","1,498.50","3.60M","1.19%"
"Mar 28, 2017","1,504.10","1,477.70","1,508.00","1,477.10","2.27M","1.99%"
"Mar 27, 2017","1,474.70","1,455.00","1,478.50","1,455.00","2.42M","0.83%"